	('Numbers: Nine-2242', 'Digit: Nine')	('Numbers: Eight-198', 'Digit: Eight')	('Numbers: One-6679', 'Digit: One')	('Numbers: Seven-3604', 'Digit: Seven')	('Numbers: Zero-482', 'Digit: Zero')	('Numbers: Two-2790', 'Digit: Two')	('Numbers: Three-6054', 'Digit: Three')	('Numbers: Eight-4', 'Digit: Eight')	('Numbers: Six-6789', 'Digit: Six')	('Numbers: One-3068', 'Digit: One')	('Numbers: Nine-6456', 'Digit: Nine')	('Numbers: Five-4709', 'Digit: Five')	('Numbers: One-5022', 'Digit: One')	('Numbers: Nine-4922', 'Digit: Nine')	('Numbers: Four-3164', 'Digit: Four')	('Numbers: One-1368', 'Digit: One')	('Numbers: Eight-4650', 'Digit: Eight')	('Numbers: Three-3429', 'Digit: Three')	('Numbers: Three-2297', 'Digit: Three')	('Numbers: Two-5623', 'Digit: Two')
pos_0-0	0	0	0	0	0	0	0	0	0	0	0	0	0	0	0	0	0	0	0	0
pos_0-1	0	0	0	0	0	0	0	0	0	0	0	0	0	0	0	0	0	0	0	0
pos_0-2	0	0	0	0	0	0	0	0	0	0	0	0	0	0	0	0	0	0	0	0
pos_0-3	0	0	0	0	0	0	0	0	0	0	0	0	0	0	0	0	0	0	0	0
pos_0-4	0	0	0	0	0	0	0	0	0	0	0	0	0	0	0	0	0	0	0	0
pos_0-5	0	0	0	0	0	0	0	0	0	0	0	0	0	0	0	0	0	0	0	0
pos_0-6	0	0	0	0	0	0	0	0	0	0	0	0	0	0	0	0	0	0	0	0
pos_0-7	0	0	0	0	0	0	0	0	0	0	0	0	0	0	0	0	0	0	0	0
pos_0-8	0	0	0	0	0	0	0	0	0	0	0	0	0	0	0	0	0	0	0	0
pos_0-9	0	0	0	0	0	0	0	0	0	0	0	0	0	0	0	0	0	0	0	0
pos_0-10	0	0	0	0	0	0	0	0	0	0	0	0	0	0	0	0	0	0	0	0
pos_0-11	0	0	0	0	0	0	0	0	0	0	0	0	0	0	0	0	0	0	0	0
pos_0-12	0	0	0	0	0	0	0	0	0	0	0	0	0	0	0	0	0	0	0	0
pos_0-13	0	0	0	0	0	0	0	0	0	0	0	0	0	0	0	0	0	0	0	0
pos_0-14	0	0	0	0	0	0	0	0	0	0	0	0	0	0	0	0	0	0	0	0
pos_0-15	0	0	0	0	0	0	0	0	0	0	0	0	0	0	0	0	0	0	0	0
pos_0-16	0	0	0	0	0	0	0	0	0	0	0	0	0	0	0	0	0	0	0	0
pos_0-17	0	0	0	0	0	0	0	0	0	0	0	0	0	0	0	0	0	0	0	0
pos_0-18	0	0	0	0	0	0	0	0	0	0	0	0	0	0	0	0	0	0	0	0
pos_0-19	0	0	0	0	0	0	0	0	0	0	0	0	0	0	0	0	0	0	0	0
pos_0-20	0	0	0	0	0	0	0	0	0	0	0	0	0	0	0	0	0	0	0	0
pos_0-21	0	0	0	0	0	0	0	0	0	0	0	0	0	0	0	0	0	0	0	0
pos_0-22	0	0	0	0	0	0	0	0	0	0	0	0	0	0	0	0	0	0	0	0
pos_0-23	0	0	0	0	0	0	0	0	0	0	0	0	0	0	0	0	0	0	0	0
pos_0-24	0	0	0	0	0	0	0	0	0	0	0	0	0	0	0	0	0	0	0	0
pos_0-25	0	0	0	0	0	0	0	0	0	0	0	0	0	0	0	0	0	0	0	0
pos_0-26	0	0	0	0	0	0	0	0	0	0	0	0	0	0	0	0	0	0	0	0
pos_0-27	0	0	0	0	0	0	0	0	0	0	0	0	0	0	0	0	0	0	0	0
pos_1-0	0	0	0	0	0	0	0	0	0	0	0	0	0	0	0	0	0	0	0	0
pos_1-1	0	0	0	0	0	0	0	0	0	0	0	0	0	0	0	0	0	0	0	0
pos_1-2	0	0	0	0	0	0	0	0	0	0	0	0	0	0	0	0	0	0	0	0
pos_1-3	0	0	0	0	0	0	0	0	0	0	0	0	0	0	0	0	0	0	0	0
pos_1-4	0	0	0	0	0	0	0	0	0	0	0	0	0	0	0	0	0	0	0	0
pos_1-5	0	0	0	0	0	0	0	0	0	0	0	0	0	0	0	0	0	0	0	0
pos_1-6	0	0	0	0	0	0	0	0	0	0	0	0	0	0	0	0	0	0	0	0
pos_1-7	0	0	0	0	0	0	0	0	0	0	0	0	0	0	0	0	0	0	0	0
pos_1-8	0	0	0	0	0	0	0	0	0	0	0	0	0	0	0	0	0	0	0	0
pos_1-9	0	0	0	0	0	0	0	0	0	0	0	0	0	0	0	0	0	0	0	0
pos_1-10	0	0	0	0	0	0	0	0	0	0	0	0	0	0	0	0	0	0	0	0
pos_1-11	0	0	0	0	0	0	0	0	0	0	0	0	0	0	0	0	0	0	0	0
pos_1-12	0	0	0	0	0	0	0	0	0	0	0	0	0	0	0	0	0	0	0	0
pos_1-13	0	0	0	0	0	0	0	0	0	0	0	0	0	0	0	0	0	0	0	0
pos_1-14	0	0	0	0	0	0	0	0	0	0	0	0	0	0	0	0	0	0	0	0
pos_1-15	0	0	0	0	0	0	0	0	0	0	0	0	0	0	0	0	0	0	0	0
pos_1-16	0	0	0	0	0	0	0	0	0	0	0	0	0	0	0	0	0	0	0	0
pos_1-17	0	0	0	0	0	0	0	0	0	0	0	0	0	0	0	0	0	0	0	0
pos_1-18	0	0	0	0	0	0	0	0	0	0	0	0	0	0	0	0	0	0	0	0
pos_1-19	0	0	0	0	0	0	0	0	0	0	0	0	0	0	0	0	0	0	0	0
pos_1-20	0	0	0	0	0	0	0	0	0	0	0	0	0	0	0	0	0	0	0	0
pos_1-21	0	0	0	0	0	0	0	0	0	0	0	0	0	0	0	0	0	0	0	0
pos_1-22	0	0	0	0	0	0	0	0	0	0	0	0	0	0	0	0	0	0	0	0
pos_1-23	0	0	0	0	0	0	0	0	0	0	0	0	0	0	0	0	0	0	0	0
pos_1-24	0	0	0	0	0	0	0	0	0	0	0	0	0	0	0	0	0	0	0	0
pos_1-25	0	0	0	0	0	0	0	0	0	0	0	0	0	0	0	0	0	0	0	0
pos_1-26	0	0	0	0	0	0	0	0	0	0	0	0	0	0	0	0	0	0	0	0
pos_1-27	0	0	0	0	0	0	0	0	0	0	0	0	0	0	0	0	0	0	0	0
pos_2-0	0	0	0	0	0	0	0	0	0	0	0	0	0	0	0	0	0	0	0	0
pos_2-1	0	0	0	0	0	0	0	0	0	0	0	0	0	0	0	0	0	0	0	0
pos_2-2	0	0	0	0	0	0	0	0	0	0	0	0	0	0	0	0	0	0	0	0
pos_2-3	0	0	0	0	0	0	0	0	0	0	0	0	0	0	0	0	0	0	0	0
pos_2-4	0	0	0	0	0	0	0	0	0	0	0	0	0	0	0	0	0	0	0	0
pos_2-5	0	0	0	0	0	0	0	0	0	0	0	0	0	0	0	0	0	0	0	0
pos_2-6	0	0	0	0	0	0	0	0	0	0	0	0	0	0	0	0	0	0	0	0
pos_2-7	0	0	0	0	0	0	0	0	0	0	0	0	0	0	0	0	0	0	0	0
pos_2-8	0	0	0	0	0	0	0	0	0	0	0	0	0	0	0	0	0	0	0	0
pos_2-9	0	0	0	0	0	0	0	0	0	0	0	0	0	0	0	0	0	0	0	0
pos_2-10	0	0	0	0	0	0	0	0	0	0	0	0	0	0	0	0	0	0	0	0
pos_2-11	0	0	0	0	0	0	0	0	0	0	0	0	0	0	0	0	0	0	0	0
pos_2-12	0	0	0	0	0	0	0	0	0	0	0	0	0	0	0	0	0	0	0	0
pos_2-13	0	0	0	0	0	0	0	0	0	0	0	0	0	0	0	0	0	0	0	0
pos_2-14	0	0	0	0	0	0	0	0	0	0	0	0	0	0	0	0	0	0	0	0
pos_2-15	0	0	0	0	0	0	0	0	0	0	0	0	0	0	0	0	0	0	0	0
pos_2-16	0	0	0	0	0	0	0	0	0	0	0	0	0	0	0	0	0	0	0	0
pos_2-17	0	0	0	0	0	0	0	0	0	0	0	0	0	0	0	0	0	0	0	0
pos_2-18	0	0	0	0	0	0	0	0	0	0	0	0	0	0	0	0	0	0	0	0
pos_2-19	0	0	0	0	0	0	0	0	0	0	0	0	0	0	0	0	0	0	0	0
pos_2-20	0	0	0	0	0	0	0	0	0	0	0	0	0	0	0	0	0	0	0	0
pos_2-21	0	0	0	0	0	0	0	0	0	0	0	0	0	0	0	0	0	0	0	0
pos_2-22	0	0	0	0	0	0	0	0	0	0	0	0	0	0	0	0	0	0	0	0
pos_2-23	0	0	0	0	0	0	0	0	0	0	0	0	0	0	0	0	0	0	0	0
pos_2-24	0	0	0	0	0	0	0	0	0	0	0	0	0	0	0	0	0	0	0	0
pos_2-25	0	0	0	0	0	0	0	0	0	0	0	0	0	0	0	0	0	0	0	0
pos_2-26	0	0	0	0	0	0	0	0	0	0	0	0	0	0	0	0	0	0	0	0
pos_2-27	0	0	0	0	0	0	0	0	0	0	0	0	0	0	0	0	0	0	0	0
pos_3-0	0	0	0	0	0	0	0	0	0	0	0	0	0	0	0	0	0	0	0	0
pos_3-1	0	0	0	0	0	0	0	0	0	0	0	0	0	0	0	0	0	0	0	0
pos_3-2	0	0	0	0	0	0	0	0	0	0	0	0	0	0	0	0	0	0	0	0
pos_3-3	0	0	0	0	0	0	0	0	0	0	0	0	0	0	0	0	0	0	0	0
pos_3-4	0	0	0	0	0	0	0	0	0	0	0	0	0	0	0	0	0	0	0	0
pos_3-5	0	0	0	0	0	0	0	0	0	0	0	0	0	0	0	0	0	0	0	0
pos_3-6	0	0	0	0	0	0	0	0	0	0	0	0	0	0	0	0	0	0	0	0
pos_3-7	0	0	0	0	0	0	0	0	0	0	0	0	0	0	0	0	0	0	0	0
pos_3-8	0	0	0	0	0	0	0	0	0	0	0	0	0	0	0	0	0	0	0	0
pos_3-9	0	0	0	0	0	0	0	0	0	0	0	0	0	0	0	0	0	0	0	0
pos_3-10	0	0	0	0	0	0	0	0	0	0	0	0	0	0	0	0	0	0	0	0
pos_3-11	0	0	0	0	0	0	0	0	0	0	0	0	0	0	0	0	0	0	0	0
pos_3-12	0	0	0	0	0	0	55	0	22	0	0	0	0	0	0	0	0	0	0	0
pos_3-13	0	0	0	0	0	23	236	0	155	0	0	0	0	0	0	0	0	0	0	0
pos_3-14	0	0	0	0	0	214	168	0	255	0	0	0	0	0	0	0	0	0	0	0
pos_3-15	0	0	0	0	0	255	0	0	218	0	0	0	0	0	0	0	0	0	0	0
pos_3-16	0	0	0	0	0	93	0	0	22	0	0	0	0	0	0	0	0	0	0	0
pos_3-17	0	0	0	0	0	12	0	0	0	0	0	0	0	0	0	0	0	0	0	0
pos_3-18	0	0	0	0	0	0	0	0	0	0	0	0	0	0	0	0	0	0	0	0
pos_3-19	0	0	0	0	0	0	0	0	0	0	0	0	0	0	0	0	0	0	0	0
pos_3-20	0	0	0	0	0	0	0	0	0	0	0	0	0	0	0	0	0	0	0	0
pos_3-21	0	0	0	0	0	0	0	0	0	0	0	0	0	0	0	0	0	0	0	0
pos_3-22	0	0	0	0	0	0	0	0	0	0	0	0	0	0	0	0	0	0	0	0
pos_3-23	0	0	0	0	0	0	0	0	0	0	0	0	0	0	0	0	0	0	0	0
pos_3-24	0	0	0	0	0	0	0	0	0	0	0	0	0	0	0	0	0	0	0	0
pos_3-25	0	0	0	0	0	0	0	0	0	0	0	0	0	0	0	0	0	0	0	0
pos_3-26	0	0	0	0	0	0	0	0	0	0	0	0	0	0	0	0	0	0	0	0
pos_3-27	0	0	0	0	0	0	0	0	0	0	0	0	0	0	0	0	0	0	0	0
pos_4-0	0	0	0	0	0	0	0	0	0	0	0	0	0	0	0	0	0	0	0	0
pos_4-1	0	0	0	0	0	0	0	0	0	0	0	0	0	0	0	0	0	0	0	0
pos_4-2	0	0	0	0	0	0	0	0	0	0	0	0	0	0	0	0	0	0	0	0
pos_4-3	0	0	0	0	0	0	0	0	0	0	0	0	0	0	0	0	0	0	0	0
pos_4-4	0	0	0	0	0	0	0	0	0	0	0	0	0	0	0	0	0	0	0	0
pos_4-5	0	0	0	0	0	0	0	0	0	0	0	0	0	0	0	0	0	0	0	0
pos_4-6	0	0	0	0	0	0	0	0	0	0	0	0	0	0	0	0	0	0	0	0
pos_4-7	0	0	0	0	0	0	0	0	0	0	0	0	0	0	0	0	0	0	0	0
pos_4-8	0	0	0	0	0	0	0	0	0	0	0	0	0	0	0	0	0	0	17	0
pos_4-9	0	0	0	0	0	0	0	0	0	0	0	0	0	0	0	0	0	0	56	0
pos_4-10	0	0	0	0	0	0	0	0	0	0	0	0	0	0	0	0	0	0	56	0
pos_4-11	0	0	0	0	0	0	0	0	4	0	0	0	0	0	0	0	0	0	72	26
pos_4-12	0	0	0	0	0	88	169	0	210	0	0	0	0	0	0	0	0	0	155	215
pos_4-13	0	0	0	0	0	221	252	0	253	0	0	0	0	0	0	0	0	0	155	254
pos_4-14	0	0	0	0	114	253	211	0	253	21	0	0	0	0	0	124	0	0	236	254
pos_4-15	0	0	0	0	50	253	0	0	253	214	0	0	0	0	0	168	0	0	169	254
pos_4-16	0	0	0	0	25	253	0	0	41	253	0	0	0	0	255	0	0	38	31	157
pos_4-17	0	0	0	0	0	175	0	0	0	152	0	0	0	0	146	0	0	237	0	91
pos_4-18	0	0	0	0	0	6	0	0	0	92	0	0	0	0	0	0	0	168	0	7
pos_4-19	0	0	0	0	0	0	0	0	0	0	0	0	0	0	0	0	0	0	0	1
pos_4-20	0	0	0	0	0	0	0	0	0	0	0	0	0	0	0	0	0	0	0	0
pos_4-21	0	0	0	0	0	0	0	0	0	0	0	0	0	0	0	0	0	0	0	0
pos_4-22	0	0	0	0	0	0	0	0	0	0	0	0	0	0	0	0	0	0	0	0
pos_4-23	0	0	0	0	0	0	0	0	0	0	0	0	0	0	0	0	0	0	0	0
pos_4-24	0	0	0	0	0	0	0	0	0	0	0	0	0	0	0	0	0	0	0	0
pos_4-25	0	0	0	0	0	0	0	0	0	0	0	0	0	0	0	0	0	0	0	0
pos_4-26	0	0	0	0	0	0	0	0	0	0	0	0	0	0	0	0	0	0	0	0
pos_4-27	0	0	0	0	0	0	0	0	0	0	0	0	0	0	0	0	0	0	0	0
pos_5-0	0	0	0	0	0	0	0	0	0	0	0	0	0	0	0	0	0	0	0	0
pos_5-1	0	0	0	0	0	0	0	0	0	0	0	0	0	0	0	0	0	0	0	0
pos_5-2	0	0	0	0	0	0	0	0	0	0	0	0	0	0	0	0	0	0	0	0
pos_5-3	0	0	0	0	0	0	0	0	0	0	0	0	0	0	0	0	0	0	0	0
pos_5-4	0	0	0	0	0	0	0	0	0	0	0	0	0	0	0	0	0	0	0	0
pos_5-5	0	0	0	0	0	0	0	0	0	0	0	0	0	0	0	0	0	0	0	0
pos_5-6	0	0	0	0	0	0	0	0	0	0	0	0	0	0	0	0	0	0	0	0
pos_5-7	0	0	0	0	0	0	0	0	0	0	0	9	0	0	0	0	0	0	65	0
pos_5-8	0	0	0	0	0	0	0	0	0	0	0	128	0	0	0	0	0	0	223	0
pos_5-9	0	0	0	0	0	0	4	0	0	0	0	186	0	0	0	0	0	0	254	0
pos_5-10	0	0	0	0	0	26	57	0	0	0	0	254	0	0	0	0	0	0	254	88
pos_5-11	0	0	185	0	67	134	180	0	112	0	0	254	0	0	0	0	0	0	254	214
pos_5-12	0	51	252	0	178	250	246	0	253	0	0	233	0	0	0	0	0	0	254	253
pos_5-13	0	70	252	0	225	253	252	0	253	0	0	172	0	0	0	22	0	0	254	253
pos_5-14	0	153	255	0	253	196	250	0	253	102	0	172	0	0	0	225	0	0	254	253
pos_5-15	0	203	210	0	237	153	197	0	253	253	0	144	0	0	0	243	0	0	254	253
pos_5-16	0	254	17	0	231	253	119	0	66	252	0	91	0	0	253	48	0	100	183	253
pos_5-17	0	229	0	0	200	253	22	0	0	253	0	30	31	0	196	0	0	253	4	253
pos_5-18	0	99	0	0	0	172	4	0	0	151	0	5	218	0	0	0	0	176	0	253
pos_5-19	0	0	0	0	0	0	0	0	0	0	0	4	147	0	0	0	0	0	0	153
pos_5-20	0	0	0	0	0	0	0	0	0	0	0	7	0	0	0	0	0	0	0	23
pos_5-21	0	0	0	0	0	0	0	0	0	0	0	0	0	0	0	0	0	0	0	0
pos_5-22	0	0	0	0	0	0	0	0	0	0	0	0	0	0	0	0	0	0	0	0
pos_5-23	0	0	0	0	0	0	0	0	0	0	0	0	0	0	0	0	0	0	0	0
pos_5-24	0	0	0	0	0	0	0	0	0	0	0	0	0	0	0	0	0	0	0	0
pos_5-25	0	0	0	0	0	0	0	0	0	0	0	0	0	0	0	0	0	0	0	0
pos_5-26	0	0	0	0	0	0	0	0	0	0	0	0	0	0	0	0	0	0	0	0
pos_5-27	0	0	0	0	0	0	0	0	0	0	0	0	0	0	0	0	0	0	0	0
pos_6-0	0	0	0	0	0	0	0	0	0	0	0	0	0	0	0	0	0	0	0	0
pos_6-1	0	0	0	0	0	0	0	0	0	0	0	0	0	0	0	0	0	0	0	0
pos_6-2	0	0	0	0	0	0	0	0	0	0	0	0	0	0	0	0	0	0	0	0
pos_6-3	0	0	0	0	0	0	0	0	0	0	0	0	0	0	0	0	0	0	0	0
pos_6-4	0	0	0	0	0	0	0	0	0	0	0	0	0	0	0	0	0	0	0	0
pos_6-5	0	0	0	0	0	0	0	0	0	0	0	0	0	0	0	0	0	0	0	0
pos_6-6	0	0	0	0	0	0	0	0	0	0	0	12	0	0	0	0	0	0	0	0
pos_6-7	0	0	0	0	0	0	0	0	0	0	0	140	0	0	0	0	0	0	220	0
pos_6-8	0	0	0	0	0	0	0	0	0	0	0	254	0	0	135	0	0	0	254	0
pos_6-9	0	0	0	0	0	9	87	0	0	0	0	254	0	0	28	0	4	0	254	16
pos_6-10	0	60	0	0	19	202	252	0	80	0	0	254	0	0	0	0	104	0	254	206
pos_6-11	0	214	150	0	209	253	252	0	251	0	0	254	0	0	0	0	141	0	254	253
pos_6-12	21	247	242	0	252	253	252	0	253	0	0	254	0	0	0	0	241	0	254	250
pos_6-13	153	254	250	0	252	214	252	29	242	0	33	254	0	0	0	64	255	0	254	207
pos_6-14	237	253	252	0	253	0	253	130	199	142	135	254	0	0	0	252	178	8	254	111
pos_6-15	255	253	250	0	252	0	252	130	253	254	217	254	0	0	89	253	104	128	254	111
pos_6-16	103	253	181	0	252	138	252	225	71	253	255	254	29	57	253	63	29	247	254	208
pos_6-17	0	254	0	0	246	253	252	255	0	41	254	254	213	194	196	0	41	253	149	241
pos_6-18	0	232	0	0	197	245	182	255	0	0	51	221	252	67	0	0	141	53	0	253
pos_6-19	0	42	0	0	32	88	64	109	0	0	0	216	147	0	0	0	53	0	0	253
pos_6-20	0	0	0	0	0	0	16	7	0	0	0	239	0	0	0	0	4	0	0	210
pos_6-21	0	0	0	0	0	0	0	116	0	0	0	55	0	0	0	0	0	0	0	23
pos_6-22	0	0	0	0	0	0	0	243	0	0	0	0	0	0	0	0	0	0	0	0
pos_6-23	0	0	0	0	0	0	0	200	0	0	0	0	0	0	0	0	0	0	0	0
pos_6-24	0	0	0	0	0	0	0	6	0	0	0	0	0	0	0	0	0	0	0	0
pos_6-25	0	0	0	0	0	0	0	0	0	0	0	0	0	0	0	0	0	0	0	0
pos_6-26	0	0	0	0	0	0	0	0	0	0	0	0	0	0	0	0	0	0	0	0
pos_6-27	0	0	0	0	0	0	0	0	0	0	0	0	0	0	0	0	0	0	0	0
pos_7-0	0	0	0	0	0	0	0	0	0	0	0	0	0	0	0	0	0	0	0	0
pos_7-1	0	0	0	0	0	0	0	0	0	0	0	0	0	0	0	0	0	0	0	0
pos_7-2	0	0	0	0	0	0	0	0	0	0	0	0	0	0	0	0	0	0	0	0
pos_7-3	0	0	0	0	0	0	0	0	0	0	0	0	0	0	0	0	0	0	0	0
pos_7-4	0	0	0	0	0	0	0	0	0	0	0	0	0	0	0	0	0	0	0	0
pos_7-5	0	0	0	0	0	0	0	0	0	0	0	4	0	0	0	0	0	0	0	0
pos_7-6	0	0	0	0	0	0	0	0	0	0	0	190	0	0	0	0	0	0	0	0
pos_7-7	0	0	0	0	0	0	0	0	0	0	0	254	0	0	51	0	0	0	212	0
pos_7-8	0	9	0	0	0	9	0	0	0	0	0	250	0	0	253	0	0	0	254	0
pos_7-9	0	174	0	0	92	220	130	0	73	0	0	216	0	0	184	0	104	49	254	0
pos_7-10	0	249	0	0	196	253	252	0	213	0	0	105	0	0	0	0	252	64	206	145
pos_7-11	21	253	0	0	252	252	252	8	253	0	65	65	0	0	0	0	252	64	150	207
pos_7-12	203	253	206	0	252	134	252	95	245	0	186	139	0	0	0	0	252	64	157	85
pos_7-13	254	230	250	0	252	12	252	217	83	0	235	95	0	0	0	21	253	170	134	0
pos_7-14	241	179	252	0	240	0	253	253	60	102	253	147	0	41	0	225	252	198	136	0
pos_7-15	244	146	250	0	223	0	252	253	226	253	254	177	22	158	163	253	252	253	254	0
pos_7-16	248	238	181	0	230	4	252	253	27	252	253	231	213	251	253	63	252	253	254	0
pos_7-17	57	254	0	0	252	144	252	253	0	82	251	254	252	206	196	0	253	156	217	34
pos_7-18	0	253	0	0	252	253	252	253	0	0	128	254	212	8	0	0	252	0	62	147
pos_7-19	0	179	0	0	140	215	253	253	0	0	0	254	29	0	0	0	252	0	0	250
pos_7-20	0	17	0	0	0	13	150	253	0	0	0	254	0	0	0	0	28	0	0	253
pos_7-21	0	17	0	0	16	0	0	253	0	0	0	115	0	0	0	0	0	0	0	210
pos_7-22	0	0	0	0	0	0	0	253	0	0	0	0	0	0	0	0	0	0	0	11
pos_7-23	0	0	0	0	0	0	0	248	0	0	0	0	0	0	0	0	0	0	0	0
pos_7-24	0	0	0	0	0	0	0	11	0	0	0	0	0	0	0	0	0	0	0	0
pos_7-25	0	0	0	0	0	0	0	0	0	0	0	0	0	0	0	0	0	0	0	0
pos_7-26	0	0	0	0	0	0	0	0	0	0	0	0	0	0	0	0	0	0	0	0
pos_7-27	0	0	0	0	0	0	0	0	0	0	0	0	0	0	0	0	0	0	0	0
pos_8-0	0	0	0	0	0	0	0	0	0	0	0	0	0	0	0	0	0	0	0	0
pos_8-1	0	0	0	0	0	0	0	0	0	0	0	0	0	0	0	0	0	0	0	0
pos_8-2	0	0	0	0	0	0	0	0	0	0	0	0	0	0	0	0	0	0	0	0
pos_8-3	0	0	0	0	0	0	0	0	0	0	0	0	0	0	0	0	0	0	0	0
pos_8-4	0	0	0	0	0	0	0	0	0	0	0	0	0	0	0	0	0	0	0	0
pos_8-5	0	0	0	0	0	0	0	0	0	0	0	19	0	0	0	0	0	0	0	0
pos_8-6	0	0	0	0	0	0	0	0	0	0	0	254	0	0	0	0	0	0	0	0
pos_8-7	0	17	0	0	0	26	0	0	0	0	0	254	0	0	176	0	0	0	46	0
pos_8-8	0	209	0	0	79	202	62	0	30	0	0	210	0	0	255	0	0	125	111	0
pos_8-9	0	254	0	0	253	253	210	0	227	0	8	0	0	0	197	0	53	243	80	0
pos_8-10	20	253	0	0	252	233	253	27	253	0	99	0	0	0	0	0	252	253	22	0
pos_8-11	201	135	68	0	252	85	232	213	251	0	249	0	0	0	0	0	252	253	0	0
pos_8-12	254	69	222	0	252	0	140	253	133	0	253	0	0	0	0	0	214	253	0	0
pos_8-13	149	0	250	0	252	0	106	253	0	0	253	0	0	107	0	0	119	254	0	0
pos_8-14	38	0	252	0	63	0	107	240	7	203	252	0	0	241	0	211	224	253	2	0
pos_8-15	173	9	250	0	0	0	27	143	20	254	214	0	69	255	226	253	252	253	189	0
pos_8-16	254	151	181	0	25	0	107	111	0	253	105	4	252	233	254	63	252	253	254	0
pos_8-17	148	254	0	0	205	89	222	152	0	102	83	57	247	18	197	0	143	219	254	0
pos_8-18	0	253	0	0	252	253	253	253	0	0	188	95	63	0	0	0	187	45	129	0
pos_8-19	0	196	0	0	203	253	254	253	0	0	74	139	0	0	0	0	252	0	0	130
pos_8-20	0	184	0	20	140	25	204	253	0	0	0	139	0	0	0	0	28	0	0	250
pos_8-21	0	235	0	47	203	0	9	253	0	0	0	36	0	0	0	0	0	0	0	253
pos_8-22	0	17	0	47	47	0	0	194	0	0	0	0	0	0	0	0	0	0	0	94
pos_8-23	0	0	0	0	0	0	0	62	0	0	0	0	0	0	0	0	0	0	0	0
pos_8-24	0	0	0	0	0	0	0	0	0	0	0	0	0	0	0	0	0	0	0	0
pos_8-25	0	0	0	0	0	0	0	0	0	0	0	0	0	0	0	0	0	0	0	0
pos_8-26	0	0	0	0	0	0	0	0	0	0	0	0	0	0	0	0	0	0	0	0
pos_8-27	0	0	0	0	0	0	0	0	0	0	0	0	0	0	0	0	0	0	0	0
pos_9-0	0	0	0	0	0	0	0	0	0	0	0	0	0	0	0	0	0	0	0	0
pos_9-1	0	0	0	0	0	0	0	0	0	0	0	0	0	0	0	0	0	0	0	0
pos_9-2	0	0	0	0	0	0	0	0	0	0	0	0	0	0	0	0	0	0	0	0
pos_9-3	0	0	0	0	0	0	0	0	0	0	0	0	0	0	0	0	0	0	0	0
pos_9-4	0	0	0	0	0	0	0	0	0	0	0	0	0	0	0	0	0	0	0	0
pos_9-5	0	0	0	0	0	0	0	0	0	0	0	104	0	0	0	0	0	0	0	0
pos_9-6	0	0	0	0	0	0	0	0	0	0	0	254	0	0	0	0	0	0	0	0
pos_9-7	0	83	0	0	92	128	0	0	0	0	0	234	0	0	225	0	0	0	0	0
pos_9-8	0	254	0	0	253	253	27	0	129	0	6	27	0	0	253	0	0	125	0	0
pos_9-9	20	254	0	0	255	175	168	27	253	0	165	0	0	0	196	0	16	212	0	0
pos_9-10	207	124	0	0	253	22	132	213	253	0	254	0	0	0	0	0	215	212	0	0
pos_9-11	242	0	183	0	253	0	32	253	189	0	253	0	0	0	0	0	252	212	0	0
pos_9-12	101	0	250	0	162	0	0	215	0	0	254	0	0	107	0	0	139	124	0	0
pos_9-13	6	0	250	0	0	0	0	105	0	0	222	0	0	243	0	0	0	89	0	0
pos_9-14	0	0	252	0	0	0	0	31	0	203	92	0	45	208	0	212	69	0	3	0
pos_9-15	173	174	250	0	0	0	0	0	0	253	14	0	236	60	225	254	252	98	208	0
pos_9-16	254	254	181	0	0	0	0	7	0	252	8	0	252	25	253	63	202	143	254	0
pos_9-17	208	236	0	0	169	89	16	153	0	102	196	0	187	0	196	0	25	254	254	0
pos_9-18	20	167	0	0	253	253	186	253	0	0	254	0	0	0	0	0	206	213	129	0
pos_9-19	0	65	0	94	255	253	253	253	0	0	173	0	0	0	0	0	252	0	0	0
pos_9-20	0	254	0	192	253	25	168	253	0	0	0	0	0	0	0	0	28	0	0	205
pos_9-21	0	255	0	253	253	0	0	244	0	0	0	0	0	0	0	0	0	0	0	253
pos_9-22	0	23	0	253	225	0	0	73	0	0	0	0	0	0	0	0	0	0	0	158
pos_9-23	0	0	0	0	0	0	0	0	0	0	0	0	0	0	0	0	0	0	0	2
pos_9-24	0	0	0	0	0	0	0	0	0	0	0	0	0	0	0	0	0	0	0	0
pos_9-25	0	0	0	0	0	0	0	0	0	0	0	0	0	0	0	0	0	0	0	0
pos_9-26	0	0	0	0	0	0	0	0	0	0	0	0	0	0	0	0	0	0	0	0
pos_9-27	0	0	0	0	0	0	0	0	0	0	0	0	0	0	0	0	0	0	0	0
pos_10-0	0	0	0	0	0	0	0	0	0	0	0	0	0	0	0	0	0	0	0	0
pos_10-1	0	0	0	0	0	0	0	0	0	0	0	0	0	0	0	0	0	0	0	0
pos_10-2	0	0	0	0	0	0	0	0	0	0	0	0	0	0	0	0	0	0	0	0
pos_10-3	0	0	0	0	0	0	0	0	0	0	0	0	0	0	0	0	0	0	0	0
pos_10-4	0	0	0	0	0	0	0	0	0	0	0	0	0	0	0	0	0	0	0	0
pos_10-5	0	0	0	0	0	0	0	0	0	0	0	215	0	0	0	0	0	0	0	0
pos_10-6	0	0	0	0	98	0	0	0	0	0	0	254	0	0	29	0	0	0	0	0
pos_10-7	0	116	0	71	243	49	0	0	30	0	0	144	0	0	234	0	0	0	0	0
pos_10-8	0	253	0	93	252	88	0	0	225	0	143	0	0	0	253	0	0	0	0	0
pos_10-9	96	254	0	93	253	7	0	149	253	0	253	0	0	0	196	0	0	0	0	0
pos_10-10	254	23	0	93	223	0	0	253	243	0	253	0	0	8	0	0	57	0	0	0
pos_10-11	180	0	183	93	58	0	0	230	62	0	253	0	0	105	0	0	253	0	0	0
pos_10-12	0	0	250	93	9	0	0	34	0	0	225	0	0	246	0	0	153	0	0	0
pos_10-13	0	0	250	93	0	0	0	0	0	0	74	0	0	97	0	0	0	0	0	0
pos_10-14	0	0	252	93	0	0	0	0	0	203	0	0	124	0	0	211	57	0	112	0
pos_10-15	173	207	225	135	0	0	0	0	0	254	0	0	255	0	225	253	253	0	254	0
pos_10-16	254	185	82	247	0	0	0	69	0	253	45	0	253	0	253	63	140	64	254	0
pos_10-17	254	17	0	247	122	89	0	253	11	102	253	0	21	8	196	0	41	253	254	0
pos_10-18	158	26	0	247	252	253	27	253	24	0	254	0	0	110	0	0	253	212	129	0
pos_10-19	0	224	0	251	253	253	253	253	24	0	173	0	0	10	0	0	244	0	0	0
pos_10-20	0	253	0	253	252	25	246	253	20	0	0	0	0	0	0	0	25	0	0	100
pos_10-21	0	140	0	253	252	0	19	79	0	0	0	0	0	0	0	0	0	0	0	253
pos_10-22	0	2	0	253	249	0	0	0	0	0	0	0	0	0	0	0	0	0	0	253
pos_10-23	0	0	0	0	100	0	0	0	0	0	0	0	0	0	0	0	0	0	0	33
pos_10-24	0	0	0	0	0	0	0	0	0	0	0	0	0	0	0	0	0	0	0	0
pos_10-25	0	0	0	0	0	0	0	0	0	0	0	0	0	0	0	0	0	0	0	0
pos_10-26	0	0	0	0	0	0	0	0	0	0	0	0	0	0	0	0	0	0	0	0
pos_10-27	0	0	0	0	0	0	0	0	0	0	0	0	0	0	0	0	0	0	0	0
pos_11-0	0	0	0	0	0	0	0	0	0	0	0	0	0	0	0	0	0	0	0	0
pos_11-1	0	0	0	0	0	0	0	0	0	0	0	0	0	0	0	0	0	0	0	0
pos_11-2	0	0	0	0	0	0	0	0	0	0	0	0	0	0	0	0	0	0	0	0
pos_11-3	0	0	0	0	0	0	0	0	0	0	0	0	0	0	0	0	0	0	0	0
pos_11-4	0	0	0	0	0	0	0	0	0	0	0	0	0	0	0	0	0	0	0	0
pos_11-5	0	0	0	0	0	0	0	0	0	0	0	254	0	0	0	0	0	0	0	0
pos_11-6	0	0	0	95	197	0	0	0	0	0	0	254	0	0	134	0	0	0	0	0
pos_11-7	0	108	0	239	252	0	0	0	54	0	0	84	0	0	252	0	0	0	0	0
pos_11-8	0	253	0	253	252	0	0	0	253	0	175	0	0	0	253	0	0	0	0	0
pos_11-9	182	254	0	253	228	0	0	149	253	0	253	0	0	7	96	0	0	0	0	0
pos_11-10	215	40	0	253	52	0	0	253	147	0	253	0	0	182	0	0	57	0	0	0
pos_11-11	12	0	183	253	0	0	0	221	0	0	170	0	0	227	0	0	252	0	0	0
pos_11-12	0	0	250	253	0	0	0	13	0	0	39	0	0	89	0	0	252	0	0	0
pos_11-13	17	0	250	253	0	0	54	0	0	0	0	0	22	0	0	59	26	0	8	0
pos_11-14	93	0	252	253	0	0	126	0	0	203	0	0	225	0	0	249	57	52	213	0
pos_11-15	231	38	204	253	0	0	169	28	0	253	67	0	253	0	225	253	252	180	254	0
pos_11-16	254	13	0	251	0	0	169	156	35	252	240	0	189	5	253	63	165	238	254	0
pos_11-17	250	41	0	214	29	91	169	253	191	61	253	0	5	148	96	0	216	245	243	0
pos_11-18	57	174	0	224	252	253	239	253	253	0	254	0	0	254	0	0	252	17	31	0
pos_11-19	0	253	0	253	228	220	253	253	253	0	162	0	0	22	0	0	93	0	0	0
pos_11-20	0	244	0	253	214	15	169	176	236	0	0	0	0	0	0	0	0	0	0	100
pos_11-21	0	17	0	253	252	0	7	11	119	0	0	0	0	0	0	0	0	0	0	253
pos_11-22	0	0	0	229	252	0	0	0	0	0	0	0	0	0	0	0	0	0	0	253
pos_11-23	0	0	0	0	112	0	0	0	0	0	0	0	0	0	0	0	0	0	0	135
pos_11-24	0	0	0	0	0	0	0	0	0	0	0	0	0	0	0	0	0	0	0	0
pos_11-25	0	0	0	0	0	0	0	0	0	0	0	0	0	0	0	0	0	0	0	0
pos_11-26	0	0	0	0	0	0	0	0	0	0	0	0	0	0	0	0	0	0	0	0
pos_11-27	0	0	0	0	0	0	0	0	0	0	0	0	0	0	0	0	0	0	0	0
pos_12-0	0	0	0	0	0	0	0	0	0	0	0	0	0	0	0	0	0	0	0	0
pos_12-1	0	0	0	0	0	0	0	0	0	0	0	0	0	0	0	0	0	0	0	0
pos_12-2	0	0	0	0	0	0	0	0	0	0	0	0	0	0	0	0	0	0	0	0
pos_12-3	0	0	0	0	0	0	0	0	0	0	0	0	0	0	0	0	0	0	0	0
pos_12-4	0	0	0	26	0	0	0	0	0	0	0	0	0	0	0	0	0	0	0	0
pos_12-5	0	0	0	139	10	0	0	0	0	0	0	254	0	0	0	0	0	0	0	0
pos_12-6	0	0	0	250	203	0	0	0	0	0	0	254	0	0	198	0	0	0	0	0
pos_12-7	0	24	0	253	252	0	0	0	136	0	15	209	0	0	253	0	0	0	0	0
pos_12-8	0	253	0	253	252	0	0	0	253	0	232	85	0	0	242	0	0	0	0	0
pos_12-9	162	254	0	253	126	0	0	63	253	0	253	66	0	99	66	0	0	0	49	0
pos_12-10	252	240	0	253	0	0	0	236	64	0	253	66	0	254	29	0	13	0	96	0
pos_12-11	201	101	183	253	0	0	0	253	0	0	188	112	0	92	29	0	209	17	96	0
pos_12-12	149	0	250	253	0	0	27	175	0	0	109	148	0	0	29	0	252	64	96	0
pos_12-13	241	0	250	155	0	0	228	14	0	31	85	148	160	0	16	64	113	170	127	0
pos_12-14	254	0	252	115	0	0	253	0	14	233	165	227	252	0	104	252	13	233	254	0
pos_12-15	254	0	204	115	0	0	252	186	96	254	228	231	232	7	253	253	209	253	254	0
pos_12-16	254	34	0	108	0	0	252	253	241	253	253	171	40	179	254	63	252	237	254	0
pos_12-17	187	229	0	0	10	192	252	253	253	0	253	140	0	254	84	0	253	67	184	0
pos_12-18	0	253	0	62	84	253	252	253	253	0	254	66	0	232	0	0	233	0	0	0
pos_12-19	0	244	0	253	47	175	174	196	253	0	74	13	0	15	0	0	37	0	0	0
pos_12-20	0	69	0	253	85	0	11	13	253	0	0	0	0	0	0	0	0	0	0	127
pos_12-21	0	0	0	223	252	0	0	0	234	0	0	0	0	0	0	0	0	0	0	253
pos_12-22	0	0	0	45	252	0	0	0	139	0	0	0	0	0	0	0	0	0	0	253
pos_12-23	0	0	0	0	205	0	0	0	9	0	0	0	0	0	0	0	0	0	0	48
pos_12-24	0	0	0	0	0	0	0	0	0	0	0	0	0	0	0	0	0	0	0	0
pos_12-25	0	0	0	0	0	0	0	0	0	0	0	0	0	0	0	0	0	0	0	0
pos_12-26	0	0	0	0	0	0	0	0	0	0	0	0	0	0	0	0	0	0	0	0
pos_12-27	0	0	0	0	0	0	0	0	0	0	0	0	0	0	0	0	0	0	0	0
pos_13-0	0	0	0	0	0	0	0	0	0	0	0	0	0	0	0	0	0	0	0	0
pos_13-1	0	0	0	0	0	0	0	0	0	0	0	0	0	0	0	0	0	0	0	0
pos_13-2	0	0	0	0	0	0	0	0	0	0	0	0	0	0	0	0	0	0	0	0
pos_13-3	0	0	0	86	0	0	0	0	0	0	0	0	0	0	0	0	0	0	0	0
pos_13-4	0	0	0	210	0	0	0	0	0	0	0	0	0	0	0	0	0	0	0	0
pos_13-5	0	0	0	253	163	0	0	0	0	0	0	254	0	0	0	0	0	0	0	0
pos_13-6	0	0	0	253	252	0	0	0	11	0	0	254	0	0	172	0	0	0	0	0
pos_13-7	0	0	0	253	252	0	0	0	196	0	17	254	0	0	252	0	0	0	0	0
pos_13-8	0	34	0	206	173	0	0	0	253	0	241	254	0	7	253	0	0	0	0	0
pos_13-9	15	229	0	117	0	0	0	0	149	0	253	254	0	206	252	0	0	0	229	0
pos_13-10	119	254	0	14	0	0	0	71	7	0	253	254	0	170	252	0	0	107	254	0
pos_13-11	249	254	183	14	0	0	0	253	0	0	253	254	0	1	252	0	197	222	254	0
pos_13-12	234	186	250	14	0	0	109	253	0	0	253	254	0	0	253	0	252	253	254	0
pos_13-13	216	26	250	5	0	0	253	174	0	51	253	254	169	0	215	64	163	254	254	0
pos_13-14	98	0	252	0	0	0	255	50	150	252	253	254	252	46	252	252	0	253	254	0
pos_13-15	192	100	204	0	0	0	253	199	253	253	253	254	211	231	252	253	147	245	254	0
pos_13-16	254	229	0	0	0	17	253	253	253	252	253	254	0	229	253	63	252	111	254	0
pos_13-17	148	254	0	0	0	216	253	253	253	0	253	254	0	254	196	0	241	0	226	0
pos_13-18	0	241	0	62	0	253	253	237	253	0	240	254	0	162	169	0	59	0	57	0
pos_13-19	0	67	0	253	0	135	124	74	253	0	34	228	0	0	69	0	0	0	0	54
pos_13-20	0	0	0	253	85	0	0	0	253	0	0	100	0	0	51	0	0	0	0	231
pos_13-21	0	0	0	54	252	0	0	0	253	0	0	0	0	0	0	0	0	0	0	253
pos_13-22	0	0	0	0	252	0	0	0	253	0	0	0	0	0	0	0	0	0	0	226
pos_13-23	0	0	0	0	252	0	0	0	35	0	0	0	0	0	0	0	0	0	0	9
pos_13-24	0	0	0	0	0	0	0	0	0	0	0	0	0	0	0	0	0	0	0	0
pos_13-25	0	0	0	0	0	0	0	0	0	0	0	0	0	0	0	0	0	0	0	0
pos_13-26	0	0	0	0	0	0	0	0	0	0	0	0	0	0	0	0	0	0	0	0
pos_13-27	0	0	0	0	0	0	0	0	0	0	0	0	0	0	0	0	0	0	0	0
pos_14-0	0	0	0	0	0	0	0	0	0	0	0	0	0	0	0	0	0	0	0	0
pos_14-1	0	0	0	0	0	0	0	0	0	0	0	0	0	0	0	0	0	0	0	0
pos_14-2	0	0	0	0	0	0	0	0	0	0	0	0	0	0	0	0	0	0	0	0
pos_14-3	0	0	0	254	0	0	0	0	0	0	0	0	0	0	0	0	0	0	0	0
pos_14-4	0	0	0	253	114	0	0	0	0	0	0	0	0	0	0	0	0	0	0	0
pos_14-5	0	0	0	253	253	0	0	0	0	0	0	228	0	0	0	0	0	0	0	0
pos_14-6	0	0	0	242	253	0	0	0	80	0	0	254	0	0	85	0	0	0	0	0
pos_14-7	0	0	0	105	225	0	0	0	253	0	0	254	0	0	252	0	0	0	0	0
pos_14-8	0	0	0	31	0	0	0	0	253	0	71	243	0	23	253	0	0	0	0	0
pos_14-9	0	40	0	0	0	0	0	0	47	0	245	171	0	254	252	0	0	0	228	9
pos_14-10	0	207	0	0	0	0	0	9	0	0	254	198	0	86	252	0	0	63	254	69
pos_14-11	58	253	183	0	0	0	0	92	0	0	253	171	0	0	252	0	135	212	254	69
pos_14-12	0	253	250	0	0	0	64	234	0	0	254	171	18	0	253	0	253	212	254	55
pos_14-13	0	239	250	0	0	0	252	253	80	51	253	171	239	47	252	64	229	213	254	0
pos_14-14	46	197	252	0	0	0	253	253	241	253	253	119	252	230	252	253	79	226	254	0
pos_14-15	254	249	204	0	0	0	252	253	253	254	254	90	124	165	252	255	253	255	254	0
pos_14-16	254	253	0	0	0	102	217	253	253	151	253	95	0	88	253	63	253	254	254	0
pos_14-17	81	254	0	85	0	253	252	237	253	0	253	179	0	254	252	0	151	166	254	0
pos_14-18	0	106	0	202	0	236	252	74	253	0	248	254	0	15	252	0	0	18	250	24
pos_14-19	0	0	0	233	0	31	225	0	253	0	57	254	0	0	252	0	0	0	174	227
pos_14-20	0	0	0	222	85	0	21	0	209	0	0	252	0	0	247	0	0	0	10	253
pos_14-21	0	0	0	40	253	0	0	0	253	0	0	156	0	0	153	0	0	0	0	253
pos_14-22	0	0	0	0	253	0	0	0	253	0	0	8	0	0	0	0	0	0	0	141
pos_14-23	0	0	0	0	112	0	0	0	35	0	0	0	0	0	0	0	0	0	0	0
pos_14-24	0	0	0	0	0	0	0	0	0	0	0	0	0	0	0	0	0	0	0	0
pos_14-25	0	0	0	0	0	0	0	0	0	0	0	0	0	0	0	0	0	0	0	0
pos_14-26	0	0	0	0	0	0	0	0	0	0	0	0	0	0	0	0	0	0	0	0
pos_14-27	0	0	0	0	0	0	0	0	0	0	0	0	0	0	0	0	0	0	0	0
pos_15-0	0	0	0	0	0	0	0	0	0	0	0	0	0	0	0	0	0	0	0	0
pos_15-1	0	0	0	0	0	0	0	0	0	0	0	0	0	0	0	0	0	0	0	0
pos_15-2	0	0	0	0	0	0	0	0	0	0	0	0	0	0	0	0	0	0	0	0
pos_15-3	0	0	0	255	0	0	0	0	0	0	0	0	0	0	0	0	0	0	0	0
pos_15-4	0	0	0	253	159	0	0	0	0	0	0	0	0	0	0	0	0	0	0	0
pos_15-5	0	0	0	177	252	0	0	0	0	0	0	32	0	0	0	0	0	0	0	0
pos_15-6	0	0	0	78	252	0	0	0	154	0	0	164	0	0	10	0	0	0	0	0
pos_15-7	0	0	0	0	176	0	0	0	253	0	0	104	0	0	128	0	0	0	0	43
pos_15-8	0	0	0	0	0	0	0	0	222	0	0	19	0	55	253	0	0	0	0	147
pos_15-9	0	0	0	0	0	0	0	0	26	0	16	0	0	254	252	0	0	0	100	205
pos_15-10	0	9	0	0	0	0	0	0	0	0	104	0	0	111	252	0	0	0	218	253
pos_15-11	0	129	185	0	0	0	0	0	0	0	198	0	0	71	252	0	28	0	194	253
pos_15-12	0	246	252	0	0	0	6	77	75	0	204	0	145	134	253	0	234	0	194	243
pos_15-13	0	254	252	0	0	0	109	253	245	92	184	0	253	221	252	143	253	0	194	199
pos_15-14	201	253	255	0	0	0	65	253	253	252	65	0	191	156	252	252	252	21	194	199
pos_15-15	254	253	210	0	0	112	21	253	253	253	198	0	0	17	252	253	252	72	232	199
pos_15-16	194	253	17	0	0	227	30	236	211	70	253	0	0	220	253	63	177	190	254	199
pos_15-17	3	155	0	116	0	253	237	75	89	0	253	0	0	122	252	0	0	253	254	199
pos_15-18	0	4	0	253	0	186	252	0	23	0	219	38	0	1	252	0	0	186	254	217
pos_15-19	0	0	0	92	38	0	236	0	23	0	31	188	0	0	252	0	0	0	254	253
pos_15-20	0	0	0	0	219	0	37	0	108	0	0	253	0	0	253	0	0	0	191	253
pos_15-21	0	0	0	0	252	0	0	0	253	0	0	255	0	0	196	0	0	0	16	253
pos_15-22	0	0	0	0	252	0	0	0	253	0	0	207	0	0	0	0	0	0	0	45
pos_15-23	0	0	0	0	112	0	0	0	142	0	0	40	0	0	0	0	0	0	0	0
pos_15-24	0	0	0	0	0	0	0	0	0	0	0	0	0	0	0	0	0	0	0	0
pos_15-25	0	0	0	0	0	0	0	0	0	0	0	0	0	0	0	0	0	0	0	0
pos_15-26	0	0	0	0	0	0	0	0	0	0	0	0	0	0	0	0	0	0	0	0
pos_15-27	0	0	0	0	0	0	0	0	0	0	0	0	0	0	0	0	0	0	0	0
pos_16-0	0	0	0	0	0	0	0	0	0	0	0	0	0	0	0	0	0	0	0	0
pos_16-1	0	0	0	0	0	0	0	0	0	0	0	0	0	0	0	0	0	0	0	0
pos_16-2	0	0	0	0	0	0	0	0	0	0	0	0	0	0	0	0	0	0	0	0
pos_16-3	0	0	0	22	0	0	0	0	0	0	0	0	0	0	0	0	0	0	0	0
pos_16-4	0	0	0	116	253	0	0	0	0	0	0	0	0	0	0	0	0	0	0	0
pos_16-5	0	0	0	10	252	0	0	0	0	0	0	0	0	0	0	0	0	0	0	0
pos_16-6	0	0	0	0	208	0	0	0	154	0	0	0	0	0	0	0	0	0	0	4
pos_16-7	0	0	0	0	19	0	0	0	253	0	0	0	0	0	0	0	0	0	0	178
pos_16-8	0	0	0	0	0	0	0	0	182	0	0	0	0	4	0	0	0	0	0	253
pos_16-9	0	0	0	0	0	0	0	0	0	0	0	0	0	188	0	0	0	0	0	253
pos_16-10	0	0	0	0	0	0	0	0	0	0	0	0	0	254	38	0	0	0	16	253
pos_16-11	0	9	183	0	0	0	0	11	6	0	0	0	0	246	113	0	0	0	0	253
pos_16-12	0	209	250	0	0	0	0	161	251	0	0	0	232	223	63	0	187	0	0	253
pos_16-13	3	254	250	0	0	1	0	253	253	214	0	0	252	90	144	126	253	0	0	253
pos_16-14	209	253	252	0	0	96	0	253	251	253	0	0	147	0	253	252	252	0	0	253
pos_16-15	254	253	250	0	0	230	0	253	205	254	159	0	0	134	253	253	148	0	25	253
pos_16-16	115	253	181	15	0	253	0	151	22	50	253	0	0	239	254	150	31	6	85	253
pos_16-17	0	127	0	241	0	157	48	0	0	0	253	0	0	0	247	0	0	215	210	253
pos_16-18	0	0	0	253	0	7	242	0	1	0	49	0	0	0	225	0	0	251	254	253
pos_16-19	0	0	0	185	144	0	253	0	82	0	0	0	0	0	225	0	0	58	254	253
pos_16-20	0	0	0	0	252	0	89	0	211	0	0	121	0	0	214	0	0	0	254	253
pos_16-21	0	0	0	0	252	0	0	0	253	0	0	252	0	0	38	0	0	0	65	168
pos_16-22	0	0	0	0	230	0	0	0	253	0	0	254	0	0	0	0	0	0	0	4
pos_16-23	0	0	0	0	25	0	0	0	37	0	0	185	0	0	0	0	0	0	0	0
pos_16-24	0	0	0	0	0	0	0	0	0	0	0	9	0	0	0	0	0	0	0	0
pos_16-25	0	0	0	0	0	0	0	0	0	0	0	0	0	0	0	0	0	0	0	0
pos_16-26	0	0	0	0	0	0	0	0	0	0	0	0	0	0	0	0	0	0	0	0
pos_16-27	0	0	0	0	0	0	0	0	0	0	0	0	0	0	0	0	0	0	0	0
pos_17-0	0	0	0	0	0	0	0	0	0	0	0	0	0	0	0	0	0	0	0	0
pos_17-1	0	0	0	0	0	0	0	0	0	0	0	0	0	0	0	0	0	0	0	0
pos_17-2	0	0	0	0	0	0	0	0	0	0	0	0	0	0	0	0	0	0	0	0
pos_17-3	0	0	0	0	0	0	0	0	0	0	0	0	0	0	0	0	0	0	0	0
pos_17-4	0	0	0	0	253	0	0	0	0	0	0	0	0	0	0	0	0	0	0	0
pos_17-5	0	0	0	0	252	0	0	0	0	0	0	0	0	0	0	0	0	0	0	0
pos_17-6	0	0	0	0	102	0	0	0	154	0	0	0	0	0	0	0	0	0	0	117
pos_17-7	0	0	0	0	0	0	27	0	253	0	0	0	0	0	0	0	0	0	0	253
pos_17-8	0	0	0	0	0	0	18	0	190	0	0	0	0	0	0	0	0	0	0	253
pos_17-9	0	0	0	0	0	0	0	0	6	0	0	0	0	23	0	0	0	0	0	243
pos_17-10	0	13	0	0	0	0	0	10	0	0	0	0	0	58	0	0	0	0	0	166
pos_17-11	0	187	133	0	0	0	0	101	6	0	0	0	8	42	0	0	38	0	0	145
pos_17-12	0	254	238	0	0	0	0	253	253	82	0	0	234	0	0	0	225	0	0	67
pos_17-13	78	254	250	0	0	38	0	253	253	253	0	0	252	0	57	169	253	0	0	166
pos_17-14	254	216	252	0	0	253	0	237	194	252	4	0	94	25	252	252	252	0	0	188
pos_17-15	254	241	250	7	0	253	0	233	0	253	219	0	0	242	252	253	56	0	0	253
pos_17-16	49	254	181	131	23	192	0	158	0	91	253	0	0	123	253	63	0	17	0	253
pos_17-17	0	254	0	253	44	18	0	0	14	0	237	0	0	0	196	0	0	222	71	253
pos_17-18	0	107	0	253	169	0	167	0	96	0	23	0	0	0	0	0	0	244	254	253
pos_17-19	0	0	0	92	253	0	253	0	253	0	0	0	0	0	0	0	0	47	254	253
pos_17-20	0	0	0	0	252	0	168	0	253	0	0	0	0	0	0	0	0	0	254	170
pos_17-21	0	0	0	0	252	0	0	0	253	0	0	152	0	0	0	0	0	0	65	25
pos_17-22	0	0	0	0	223	0	0	0	191	0	0	254	0	0	0	0	0	0	0	0
pos_17-23	0	0	0	0	0	0	0	0	15	0	0	254	0	0	0	0	0	0	0	0
pos_17-24	0	0	0	0	0	0	0	0	0	0	0	98	0	0	0	0	0	0	0	0
pos_17-25	0	0	0	0	0	0	0	0	0	0	0	0	0	0	0	0	0	0	0	0
pos_17-26	0	0	0	0	0	0	0	0	0	0	0	0	0	0	0	0	0	0	0	0
pos_17-27	0	0	0	0	0	0	0	0	0	0	0	0	0	0	0	0	0	0	0	0
pos_18-0	0	0	0	0	0	0	0	0	0	0	0	0	0	0	0	0	0	0	0	0
pos_18-1	0	0	0	0	0	0	0	0	0	0	0	0	0	0	0	0	0	0	0	0
pos_18-2	0	0	0	0	0	0	0	0	0	0	0	0	0	0	0	0	0	0	0	0
pos_18-3	0	0	0	0	0	0	0	0	0	0	0	0	0	0	0	0	0	0	0	0
pos_18-4	0	0	0	0	253	0	0	0	0	0	0	0	0	0	0	0	0	0	0	0
pos_18-5	0	0	0	0	252	0	0	0	0	0	0	0	0	0	0	0	0	0	1	3
pos_18-6	0	0	0	0	55	0	31	0	132	0	0	0	0	0	0	0	0	0	117	179
pos_18-7	0	0	0	0	0	0	218	0	253	0	0	0	0	0	0	0	0	0	178	253
pos_18-8	0	0	0	0	0	7	122	0	253	0	0	0	0	0	0	0	0	0	40	232
pos_18-9	0	0	0	0	0	117	0	0	69	0	0	6	0	0	0	0	0	0	0	32
pos_18-10	0	181	0	0	0	167	0	131	0	0	0	16	0	0	0	0	7	0	0	0
pos_18-11	0	253	0	0	0	216	0	253	3	0	0	0	112	0	0	0	204	0	0	0
pos_18-12	0	253	206	0	0	228	0	253	99	123	0	0	252	0	0	0	253	0	0	0
pos_18-13	144	224	250	0	0	239	0	173	206	254	0	0	210	0	57	169	254	0	0	0
pos_18-14	254	27	252	0	0	253	43	38	103	253	90	0	14	65	252	252	253	0	0	108
pos_18-15	211	61	250	144	48	253	43	186	37	254	253	0	0	242	252	218	56	0	0	253
pos_18-16	9	198	181	253	227	66	96	185	147	91	253	0	0	20	253	11	0	64	0	253
pos_18-17	0	254	0	253	252	0	174	0	205	0	188	0	0	0	109	0	0	253	81	253
pos_18-18	0	232	0	147	252	0	253	0	253	0	2	0	0	0	0	0	0	212	254	253
pos_18-19	0	42	0	47	253	0	230	0	253	0	0	0	0	0	0	0	0	0	254	128
pos_18-20	0	0	0	0	252	0	71	0	253	0	0	0	0	0	0	0	0	0	254	22
pos_18-21	0	0	0	0	252	0	0	0	211	0	0	13	0	0	0	0	0	0	143	0
pos_18-22	0	0	0	0	145	0	0	0	19	0	0	198	0	0	0	0	0	0	0	0
pos_18-23	0	0	0	0	0	0	0	0	0	0	0	254	0	0	0	0	0	0	0	0
pos_18-24	0	0	0	0	0	0	0	0	0	0	0	209	0	0	0	0	0	0	0	0
pos_18-25	0	0	0	0	0	0	0	0	0	0	0	0	0	0	0	0	0	0	0	0
pos_18-26	0	0	0	0	0	0	0	0	0	0	0	0	0	0	0	0	0	0	0	0
pos_18-27	0	0	0	0	0	0	0	0	0	0	0	0	0	0	0	0	0	0	0	0
pos_19-0	0	0	0	0	0	0	0	0	0	0	0	0	0	0	0	0	0	0	0	0
pos_19-1	0	0	0	0	0	0	0	0	0	0	0	0	0	0	0	0	0	0	0	0
pos_19-2	0	0	0	0	0	0	0	0	0	0	0	0	0	0	0	0	0	0	0	0
pos_19-3	0	0	0	0	0	0	0	0	0	0	0	0	0	0	0	0	0	0	0	0
pos_19-4	0	0	0	0	255	0	0	0	0	0	0	0	0	0	0	0	0	0	0	0
pos_19-5	0	0	0	0	253	0	0	0	0	0	0	0	0	0	0	0	0	0	11	7
pos_19-6	0	0	0	0	143	0	127	0	27	0	0	0	0	0	0	0	0	0	254	253
pos_19-7	0	0	0	0	101	10	252	0	232	0	0	0	0	0	0	0	0	0	254	246
pos_19-8	0	0	0	0	0	171	252	0	253	0	0	27	0	0	0	0	0	0	174	79
pos_19-9	0	0	0	0	51	253	191	125	229	0	0	213	0	0	0	0	7	0	8	0
pos_19-10	0	230	0	0	50	253	190	237	133	0	0	189	36	0	0	0	150	0	0	0
pos_19-11	0	253	0	0	113	226	102	253	66	0	0	0	242	0	0	0	252	0	0	0
pos_19-12	0	253	206	0	113	253	190	114	66	203	0	0	252	0	0	0	227	0	0	20
pos_19-13	220	84	250	0	191	253	190	14	140	253	0	0	101	0	57	169	153	0	0	127
pos_19-14	254	0	252	0	255	253	253	0	183	252	78	0	0	149	252	253	252	0	0	245
pos_19-15	101	0	250	224	253	253	252	186	237	213	253	0	0	208	252	212	130	4	0	253
pos_19-16	0	17	181	253	253	206	252	185	253	10	253	0	0	0	253	0	0	140	43	253
pos_19-17	0	211	0	221	253	135	252	0	253	0	253	0	0	0	84	0	0	254	230	253
pos_19-18	0	253	0	27	253	68	252	0	253	0	57	0	0	0	0	0	0	133	254	128
pos_19-19	0	213	0	0	255	20	211	0	253	0	0	0	0	0	0	0	0	0	254	5
pos_19-20	0	0	0	0	253	0	0	0	211	0	0	0	0	0	0	0	0	0	254	0
pos_19-21	0	0	0	0	133	0	0	0	85	0	0	0	0	0	0	0	0	0	65	0
pos_19-22	0	0	0	0	0	0	0	0	0	0	0	109	0	0	0	0	0	0	0	0
pos_19-23	0	0	0	0	0	0	0	0	0	0	0	254	0	0	0	0	0	0	0	0
pos_19-24	0	0	0	0	0	0	0	0	0	0	0	254	0	0	0	0	0	0	0	0
pos_19-25	0	0	0	0	0	0	0	0	0	0	0	0	0	0	0	0	0	0	0	0
pos_19-26	0	0	0	0	0	0	0	0	0	0	0	0	0	0	0	0	0	0	0	0
pos_19-27	0	0	0	0	0	0	0	0	0	0	0	0	0	0	0	0	0	0	0	0
pos_20-0	0	0	0	0	0	0	0	0	0	0	0	0	0	0	0	0	0	0	0	0
pos_20-1	0	0	0	0	0	0	0	0	0	0	0	0	0	0	0	0	0	0	0	0
pos_20-2	0	0	0	0	0	0	0	0	0	0	0	0	0	0	0	0	0	0	0	0
pos_20-3	0	0	0	0	0	0	0	0	0	0	0	0	0	0	0	0	0	0	0	0
pos_20-4	0	0	0	0	253	0	0	0	0	0	0	0	0	0	0	0	0	0	0	0
pos_20-5	0	0	0	0	252	0	0	0	0	0	0	0	0	0	0	0	0	0	11	7
pos_20-6	0	0	0	0	252	0	127	0	0	0	0	0	0	0	0	0	0	0	254	253
pos_20-7	0	0	0	0	249	84	252	0	78	0	0	0	0	0	0	0	0	116	254	242
pos_20-8	0	0	0	0	225	253	252	62	253	0	0	87	0	0	0	0	0	160	254	96
pos_20-9	0	51	0	0	238	253	253	238	253	0	0	254	0	0	0	0	29	0	78	0
pos_20-10	0	247	0	0	237	211	252	253	253	0	0	246	43	0	0	0	252	0	0	68
pos_20-11	0	253	0	0	252	239	252	176	253	113	0	124	253	0	0	0	252	0	0	188
pos_20-12	0	185	206	0	252	253	252	13	253	253	0	21	250	0	0	0	139	0	0	234
pos_20-13	240	0	250	16	252	249	252	0	253	255	0	0	70	44	26	169	29	0	0	253
pos_20-14	254	0	252	169	253	200	253	21	253	253	15	0	0	253	223	252	252	0	31	253
pos_20-15	81	0	250	243	252	247	252	211	253	41	254	0	0	92	253	211	196	57	198	253
pos_20-16	0	0	181	253	252	253	252	185	253	0	254	0	0	0	242	0	10	253	244	253
pos_20-17	0	95	0	137	252	253	252	0	253	0	253	0	0	0	47	0	0	253	254	128
pos_20-18	0	253	0	0	252	253	252	0	253	0	120	0	0	0	0	0	0	81	254	4
pos_20-19	0	230	0	0	253	228	202	0	205	0	0	0	0	0	0	0	0	0	254	0
pos_20-20	0	0	0	0	223	210	0	0	60	0	0	0	0	0	0	0	0	0	208	0
pos_20-21	0	0	0	0	37	115	0	0	0	0	0	0	0	0	0	0	0	0	5	0
pos_20-22	0	0	0	0	0	63	0	0	0	0	0	109	0	0	0	0	0	0	0	0
pos_20-23	0	0	0	0	0	0	0	0	0	0	0	254	0	0	0	0	0	0	0	0
pos_20-24	0	0	0	0	0	0	0	0	0	0	0	238	0	0	0	0	0	0	0	0
pos_20-25	0	0	0	0	0	0	0	0	0	0	0	0	0	0	0	0	0	0	0	0
pos_20-26	0	0	0	0	0	0	0	0	0	0	0	0	0	0	0	0	0	0	0	0
pos_20-27	0	0	0	0	0	0	0	0	0	0	0	0	0	0	0	0	0	0	0	0
pos_21-0	0	0	0	0	0	0	0	0	0	0	0	0	0	0	0	0	0	0	0	0
pos_21-1	0	0	0	0	0	0	0	0	0	0	0	0	0	0	0	0	0	0	0	0
pos_21-2	0	0	0	0	0	0	0	0	0	0	0	0	0	0	0	0	0	0	0	0
pos_21-3	0	0	0	0	0	0	0	0	0	0	0	0	0	0	0	0	0	0	0	0
pos_21-4	0	0	0	0	222	0	0	0	0	0	0	0	0	0	0	0	0	0	0	0
pos_21-5	0	0	0	0	252	0	0	0	0	0	0	0	0	0	0	0	0	0	3	1
pos_21-6	0	0	0	0	252	0	101	0	0	0	0	0	0	0	0	0	0	113	188	144
pos_21-7	0	0	0	0	252	75	252	11	8	0	0	0	0	0	0	0	0	250	254	253
pos_21-8	0	0	0	0	252	253	252	240	151	0	0	5	0	0	0	0	0	168	254	252
pos_21-9	0	70	0	0	253	253	253	253	253	0	0	138	0	0	0	0	29	0	222	236
pos_21-10	0	254	0	0	252	253	252	226	253	0	0	245	123	0	0	0	252	0	118	247
pos_21-11	0	254	0	0	252	253	252	11	253	193	0	254	252	0	0	0	252	0	91	253
pos_21-12	0	69	206	0	252	239	252	0	253	252	0	235	196	0	0	0	139	18	91	253
pos_21-13	240	0	250	24	252	70	252	0	253	253	0	144	0	45	0	169	29	84	189	253
pos_21-14	254	0	252	253	253	0	253	165	253	212	105	114	0	248	197	252	252	163	242	253
pos_21-15	81	0	250	253	252	37	252	253	253	0	253	19	0	46	252	211	252	243	254	223
pos_21-16	0	0	181	246	252	110	252	136	253	0	253	0	0	0	247	0	78	248	254	45
pos_21-17	0	70	0	75	245	196	252	0	209	0	253	0	0	0	65	0	0	188	254	4
pos_21-18	0	254	0	0	195	227	199	0	93	0	30	0	0	0	0	0	0	9	254	0
pos_21-19	0	254	0	0	133	253	35	0	15	0	0	0	0	0	0	0	0	0	254	0
pos_21-20	0	69	0	0	37	253	0	0	0	0	0	0	0	0	0	0	0	0	45	0
pos_21-21	0	0	0	0	0	238	0	0	0	0	0	51	0	0	0	0	0	0	0	0
pos_21-22	0	0	0	0	0	66	0	0	0	0	0	206	0	0	0	0	0	0	0	0
pos_21-23	0	0	0	0	0	0	0	0	0	0	0	254	0	0	0	0	0	0	0	0
pos_21-24	0	0	0	0	0	0	0	0	0	0	0	153	0	0	0	0	0	0	0	0
pos_21-25	0	0	0	0	0	0	0	0	0	0	0	0	0	0	0	0	0	0	0	0
pos_21-26	0	0	0	0	0	0	0	0	0	0	0	0	0	0	0	0	0	0	0	0
pos_21-27	0	0	0	0	0	0	0	0	0	0	0	0	0	0	0	0	0	0	0	0
pos_22-0	0	0	0	0	0	0	0	0	0	0	0	0	0	0	0	0	0	0	0	0
pos_22-1	0	0	0	0	0	0	0	0	0	0	0	0	0	0	0	0	0	0	0	0
pos_22-2	0	0	0	0	0	0	0	0	0	0	0	0	0	0	0	0	0	0	0	0
pos_22-3	0	0	0	0	0	0	0	0	0	0	0	0	0	0	0	0	0	0	0	0
pos_22-4	0	0	0	0	101	0	0	0	0	0	0	0	0	0	0	0	0	0	0	0
pos_22-5	0	0	0	0	223	0	0	0	0	0	0	0	0	0	0	0	0	0	0	0
pos_22-6	0	0	0	0	192	0	4	0	0	0	0	0	0	0	0	0	0	169	97	18
pos_22-7	0	0	0	0	99	7	68	126	0	0	0	0	0	0	0	0	0	253	248	253
pos_22-8	0	0	0	0	145	156	147	253	5	0	0	0	0	0	0	0	0	240	254	253
pos_22-9	0	7	0	0	225	253	147	243	114	0	0	0	0	0	0	0	13	169	254	253
pos_22-10	0	232	0	0	233	181	226	69	135	0	0	53	201	0	0	0	194	169	254	253
pos_22-11	0	253	0	0	252	59	252	0	193	255	0	224	252	0	0	0	253	169	254	253
pos_22-12	64	69	206	0	249	35	252	0	253	253	0	254	73	0	0	0	253	240	254	253
pos_22-13	251	0	250	61	223	0	252	97	253	224	0	254	0	45	0	169	141	254	254	227
pos_22-14	253	0	252	253	225	0	236	246	226	20	158	254	0	223	197	252	216	253	254	106
pos_22-15	80	0	250	194	223	0	147	227	100	0	254	238	0	0	252	115	253	186	254	9
pos_22-16	0	0	181	35	114	0	94	36	17	0	254	198	0	0	225	0	140	63	254	0
pos_22-17	0	87	0	0	74	0	42	0	10	0	216	148	0	0	0	0	0	0	254	0
pos_22-18	0	253	0	0	0	25	7	0	0	0	14	148	0	0	0	0	0	0	222	0
pos_22-19	0	248	0	0	0	46	0	0	0	0	0	148	0	0	0	0	0	0	78	0
pos_22-20	0	56	0	0	0	131	0	0	0	0	0	190	0	0	0	0	0	0	1	0
pos_22-21	0	0	0	0	0	34	0	0	0	0	0	243	0	0	0	0	0	0	0	0
pos_22-22	0	0	0	0	0	0	0	0	0	0	0	254	0	0	0	0	0	0	0	0
pos_22-23	0	0	0	0	0	0	0	0	0	0	0	254	0	0	0	0	0	0	0	0
pos_22-24	0	0	0	0	0	0	0	0	0	0	0	42	0	0	0	0	0	0	0	0
pos_22-25	0	0	0	0	0	0	0	0	0	0	0	0	0	0	0	0	0	0	0	0
pos_22-26	0	0	0	0	0	0	0	0	0	0	0	0	0	0	0	0	0	0	0	0
pos_22-27	0	0	0	0	0	0	0	0	0	0	0	0	0	0	0	0	0	0	0	0
pos_23-0	0	0	0	0	0	0	0	0	0	0	0	0	0	0	0	0	0	0	0	0
pos_23-1	0	0	0	0	0	0	0	0	0	0	0	0	0	0	0	0	0	0	0	0
pos_23-2	0	0	0	0	0	0	0	0	0	0	0	0	0	0	0	0	0	0	0	0
pos_23-3	0	0	0	0	0	0	0	0	0	0	0	0	0	0	0	0	0	0	0	0
pos_23-4	0	0	0	0	0	0	0	0	0	0	0	0	0	0	0	0	0	0	0	0
pos_23-5	0	0	0	0	0	0	0	0	0	0	0	0	0	0	0	0	0	0	0	0
pos_23-6	0	0	0	0	0	0	0	0	0	0	0	0	0	0	0	0	0	28	0	7
pos_23-7	0	0	0	0	0	0	0	136	0	0	0	0	0	0	0	0	0	130	47	199
pos_23-8	0	0	0	0	0	0	0	253	0	0	0	0	0	0	0	0	0	254	124	253
pos_23-9	0	0	0	0	0	0	0	178	0	0	0	0	0	0	0	0	0	253	205	253
pos_23-10	0	230	0	0	38	0	0	112	0	0	0	0	227	0	0	0	44	253	254	174
pos_23-11	6	253	0	0	112	0	0	112	0	213	0	9	252	0	0	0	240	253	254	109
pos_23-12	163	119	206	0	99	0	0	194	0	252	0	85	21	0	0	0	252	253	254	5
pos_23-13	254	9	250	177	0	0	0	248	0	122	0	180	0	86	0	126	253	148	235	4
pos_23-14	214	0	252	253	0	0	0	253	0	0	169	252	0	223	147	164	252	68	154	0
pos_23-15	0	3	212	183	0	0	0	76	0	0	254	254	0	0	252	0	252	4	154	0
pos_23-16	0	57	32	0	0	0	0	0	0	0	253	254	0	0	175	0	139	0	154	0
pos_23-17	0	237	0	0	0	0	0	0	0	0	110	254	0	0	0	0	0	0	127	0
pos_23-18	0	253	0	0	0	0	0	0	0	0	0	254	0	0	0	0	0	0	28	0
pos_23-19	0	221	0	0	0	0	0	0	0	0	0	254	0	0	0	0	0	0	0	0
pos_23-20	0	0	0	0	0	0	0	0	0	0	0	254	0	0	0	0	0	0	0	0
pos_23-21	0	0	0	0	0	0	0	0	0	0	0	254	0	0	0	0	0	0	0	0
pos_23-22	0	0	0	0	0	0	0	0	0	0	0	235	0	0	0	0	0	0	0	0
pos_23-23	0	0	0	0	0	0	0	0	0	0	0	106	0	0	0	0	0	0	0	0
pos_23-24	0	0	0	0	0	0	0	0	0	0	0	1	0	0	0	0	0	0	0	0
pos_23-25	0	0	0	0	0	0	0	0	0	0	0	0	0	0	0	0	0	0	0	0
pos_23-26	0	0	0	0	0	0	0	0	0	0	0	0	0	0	0	0	0	0	0	0
pos_23-27	0	0	0	0	0	0	0	0	0	0	0	0	0	0	0	0	0	0	0	0
pos_24-0	0	0	0	0	0	0	0	0	0	0	0	0	0	0	0	0	0	0	0	0
pos_24-1	0	0	0	0	0	0	0	0	0	0	0	0	0	0	0	0	0	0	0	0
pos_24-2	0	0	0	0	0	0	0	0	0	0	0	0	0	0	0	0	0	0	0	0
pos_24-3	0	0	0	0	0	0	0	0	0	0	0	0	0	0	0	0	0	0	0	0
pos_24-4	0	0	0	0	0	0	0	0	0	0	0	0	0	0	0	0	0	0	0	0
pos_24-5	0	0	0	0	0	0	0	0	0	0	0	0	0	0	0	0	0	0	0	0
pos_24-6	0	0	0	0	0	0	0	0	0	0	0	0	0	0	0	0	0	0	0	0
pos_24-7	0	0	0	0	0	0	0	136	0	0	0	0	0	0	0	0	0	0	0	0
pos_24-8	0	0	0	0	0	0	0	253	0	0	0	0	0	0	0	0	0	0	0	0
pos_24-9	0	0	0	0	0	0	0	253	0	0	0	0	0	0	0	0	0	0	0	0
pos_24-10	0	163	0	0	0	0	0	253	0	0	0	0	104	0	0	0	0	0	0	0
pos_24-11	20	253	0	0	0	0	0	253	0	0	0	0	252	0	0	0	44	0	0	0
pos_24-12	254	253	206	0	0	0	0	253	0	0	0	0	21	0	0	0	193	0	0	0
pos_24-13	254	210	250	102	0	0	0	253	0	0	0	0	0	134	0	0	253	0	0	0
pos_24-14	58	134	252	145	0	0	0	142	0	0	88	8	0	223	0	0	252	0	0	0
pos_24-15	0	174	204	106	0	0	0	3	0	0	254	90	0	0	0	0	252	0	0	0
pos_24-16	0	253	0	0	0	0	0	0	0	0	245	148	0	0	0	0	139	0	0	0
pos_24-17	0	254	0	0	0	0	0	0	0	0	37	171	0	0	0	0	0	0	0	0
pos_24-18	0	236	0	0	0	0	0	0	0	0	0	171	0	0	0	0	0	0	0	0
pos_24-19	0	88	0	0	0	0	0	0	0	0	0	238	0	0	0	0	0	0	0	0
pos_24-20	0	0	0	0	0	0	0	0	0	0	0	184	0	0	0	0	0	0	0	0
pos_24-21	0	0	0	0	0	0	0	0	0	0	0	127	0	0	0	0	0	0	0	0
pos_24-22	0	0	0	0	0	0	0	0	0	0	0	67	0	0	0	0	0	0	0	0
pos_24-23	0	0	0	0	0	0	0	0	0	0	0	0	0	0	0	0	0	0	0	0
pos_24-24	0	0	0	0	0	0	0	0	0	0	0	0	0	0	0	0	0	0	0	0
pos_24-25	0	0	0	0	0	0	0	0	0	0	0	0	0	0	0	0	0	0	0	0
pos_24-26	0	0	0	0	0	0	0	0	0	0	0	0	0	0	0	0	0	0	0	0
pos_24-27	0	0	0	0	0	0	0	0	0	0	0	0	0	0	0	0	0	0	0	0
pos_25-0	0	0	0	0	0	0	0	0	0	0	0	0	0	0	0	0	0	0	0	0
pos_25-1	0	0	0	0	0	0	0	0	0	0	0	0	0	0	0	0	0	0	0	0
pos_25-2	0	0	0	0	0	0	0	0	0	0	0	0	0	0	0	0	0	0	0	0
pos_25-3	0	0	0	0	0	0	0	0	0	0	0	0	0	0	0	0	0	0	0	0
pos_25-4	0	0	0	0	0	0	0	0	0	0	0	0	0	0	0	0	0	0	0	0
pos_25-5	0	0	0	0	0	0	0	0	0	0	0	0	0	0	0	0	0	0	0	0
pos_25-6	0	0	0	0	0	0	0	0	0	0	0	0	0	0	0	0	0	0	0	0
pos_25-7	0	0	0	0	0	0	0	15	0	0	0	0	0	0	0	0	0	0	0	0
pos_25-8	0	0	0	0	0	0	0	253	0	0	0	0	0	0	0	0	0	0	0	0
pos_25-9	0	0	0	0	0	0	0	253	0	0	0	0	0	0	0	0	0	0	0	0
pos_25-10	0	0	0	0	0	0	0	253	0	0	0	0	0	0	0	0	0	0	0	0
pos_25-11	20	0	0	0	0	0	0	235	0	0	0	0	0	0	0	0	0	0	0	0
pos_25-12	254	0	0	0	0	0	0	129	0	0	0	0	0	0	0	0	13	0	0	0
pos_25-13	109	0	0	0	0	0	0	45	0	0	0	0	0	134	0	0	40	0	0	0
pos_25-14	12	0	0	0	0	0	0	2	0	0	4	0	0	223	0	0	165	0	0	0
pos_25-15	0	0	0	0	0	0	0	0	0	0	177	0	0	0	0	0	164	0	0	0
pos_25-16	0	0	0	0	0	0	0	0	0	0	121	0	0	0	0	0	28	0	0	0
pos_25-17	0	0	0	0	0	0	0	0	0	0	0	0	0	0	0	0	0	0	0	0
pos_25-18	0	0	0	0	0	0	0	0	0	0	0	0	0	0	0	0	0	0	0	0
pos_25-19	0	0	0	0	0	0	0	0	0	0	0	0	0	0	0	0	0	0	0	0
pos_25-20	0	0	0	0	0	0	0	0	0	0	0	0	0	0	0	0	0	0	0	0
pos_25-21	0	0	0	0	0	0	0	0	0	0	0	0	0	0	0	0	0	0	0	0
pos_25-22	0	0	0	0	0	0	0	0	0	0	0	0	0	0	0	0	0	0	0	0
pos_25-23	0	0	0	0	0	0	0	0	0	0	0	0	0	0	0	0	0	0	0	0
pos_25-24	0	0	0	0	0	0	0	0	0	0	0	0	0	0	0	0	0	0	0	0
pos_25-25	0	0	0	0	0	0	0	0	0	0	0	0	0	0	0	0	0	0	0	0
pos_25-26	0	0	0	0	0	0	0	0	0	0	0	0	0	0	0	0	0	0	0	0
pos_25-27	0	0	0	0	0	0	0	0	0	0	0	0	0	0	0	0	0	0	0	0
pos_26-0	0	0	0	0	0	0	0	0	0	0	0	0	0	0	0	0	0	0	0	0
pos_26-1	0	0	0	0	0	0	0	0	0	0	0	0	0	0	0	0	0	0	0	0
pos_26-2	0	0	0	0	0	0	0	0	0	0	0	0	0	0	0	0	0	0	0	0
pos_26-3	0	0	0	0	0	0	0	0	0	0	0	0	0	0	0	0	0	0	0	0
pos_26-4	0	0	0	0	0	0	0	0	0	0	0	0	0	0	0	0	0	0	0	0
pos_26-5	0	0	0	0	0	0	0	0	0	0	0	0	0	0	0	0	0	0	0	0
pos_26-6	0	0	0	0	0	0	0	0	0	0	0	0	0	0	0	0	0	0	0	0
pos_26-7	0	0	0	0	0	0	0	0	0	0	0	0	0	0	0	0	0	0	0	0
pos_26-8	0	0	0	0	0	0	0	0	0	0	0	0	0	0	0	0	0	0	0	0
pos_26-9	0	0	0	0	0	0	0	0	0	0	0	0	0	0	0	0	0	0	0	0
pos_26-10	0	0	0	0	0	0	0	0	0	0	0	0	0	0	0	0	0	0	0	0
pos_26-11	0	0	0	0	0	0	0	0	0	0	0	0	0	0	0	0	0	0	0	0
pos_26-12	0	0	0	0	0	0	0	0	0	0	0	0	0	0	0	0	0	0	0	0
pos_26-13	0	0	0	0	0	0	0	0	0	0	0	0	0	0	0	0	0	0	0	0
pos_26-14	0	0	0	0	0	0	0	0	0	0	0	0	0	0	0	0	0	0	0	0
pos_26-15	0	0	0	0	0	0	0	0	0	0	0	0	0	0	0	0	0	0	0	0
pos_26-16	0	0	0	0	0	0	0	0	0	0	0	0	0	0	0	0	0	0	0	0
pos_26-17	0	0	0	0	0	0	0	0	0	0	0	0	0	0	0	0	0	0	0	0
pos_26-18	0	0	0	0	0	0	0	0	0	0	0	0	0	0	0	0	0	0	0	0
pos_26-19	0	0	0	0	0	0	0	0	0	0	0	0	0	0	0	0	0	0	0	0
pos_26-20	0	0	0	0	0	0	0	0	0	0	0	0	0	0	0	0	0	0	0	0
pos_26-21	0	0	0	0	0	0	0	0	0	0	0	0	0	0	0	0	0	0	0	0
pos_26-22	0	0	0	0	0	0	0	0	0	0	0	0	0	0	0	0	0	0	0	0
pos_26-23	0	0	0	0	0	0	0	0	0	0	0	0	0	0	0	0	0	0	0	0
pos_26-24	0	0	0	0	0	0	0	0	0	0	0	0	0	0	0	0	0	0	0	0
pos_26-25	0	0	0	0	0	0	0	0	0	0	0	0	0	0	0	0	0	0	0	0
pos_26-26	0	0	0	0	0	0	0	0	0	0	0	0	0	0	0	0	0	0	0	0
pos_26-27	0	0	0	0	0	0	0	0	0	0	0	0	0	0	0	0	0	0	0	0
pos_27-0	0	0	0	0	0	0	0	0	0	0	0	0	0	0	0	0	0	0	0	0
pos_27-1	0	0	0	0	0	0	0	0	0	0	0	0	0	0	0	0	0	0	0	0
pos_27-2	0	0	0	0	0	0	0	0	0	0	0	0	0	0	0	0	0	0	0	0
pos_27-3	0	0	0	0	0	0	0	0	0	0	0	0	0	0	0	0	0	0	0	0
pos_27-4	0	0	0	0	0	0	0	0	0	0	0	0	0	0	0	0	0	0	0	0
pos_27-5	0	0	0	0	0	0	0	0	0	0	0	0	0	0	0	0	0	0	0	0
pos_27-6	0	0	0	0	0	0	0	0	0	0	0	0	0	0	0	0	0	0	0	0
pos_27-7	0	0	0	0	0	0	0	0	0	0	0	0	0	0	0	0	0	0	0	0
pos_27-8	0	0	0	0	0	0	0	0	0	0	0	0	0	0	0	0	0	0	0	0
pos_27-9	0	0	0	0	0	0	0	0	0	0	0	0	0	0	0	0	0	0	0	0
pos_27-10	0	0	0	0	0	0	0	0	0	0	0	0	0	0	0	0	0	0	0	0
pos_27-11	0	0	0	0	0	0	0	0	0	0	0	0	0	0	0	0	0	0	0	0
pos_27-12	0	0	0	0	0	0	0	0	0	0	0	0	0	0	0	0	0	0	0	0
pos_27-13	0	0	0	0	0	0	0	0	0	0	0	0	0	0	0	0	0	0	0	0
pos_27-14	0	0	0	0	0	0	0	0	0	0	0	0	0	0	0	0	0	0	0	0
pos_27-15	0	0	0	0	0	0	0	0	0	0	0	0	0	0	0	0	0	0	0	0
pos_27-16	0	0	0	0	0	0	0	0	0	0	0	0	0	0	0	0	0	0	0	0
pos_27-17	0	0	0	0	0	0	0	0	0	0	0	0	0	0	0	0	0	0	0	0
pos_27-18	0	0	0	0	0	0	0	0	0	0	0	0	0	0	0	0	0	0	0	0
pos_27-19	0	0	0	0	0	0	0	0	0	0	0	0	0	0	0	0	0	0	0	0
pos_27-20	0	0	0	0	0	0	0	0	0	0	0	0	0	0	0	0	0	0	0	0
pos_27-21	0	0	0	0	0	0	0	0	0	0	0	0	0	0	0	0	0	0	0	0
pos_27-22	0	0	0	0	0	0	0	0	0	0	0	0	0	0	0	0	0	0	0	0
pos_27-23	0	0	0	0	0	0	0	0	0	0	0	0	0	0	0	0	0	0	0	0
pos_27-24	0	0	0	0	0	0	0	0	0	0	0	0	0	0	0	0	0	0	0	0
pos_27-25	0	0	0	0	0	0	0	0	0	0	0	0	0	0	0	0	0	0	0	0
pos_27-26	0	0	0	0	0	0	0	0	0	0	0	0	0	0	0	0	0	0	0	0
pos_27-27	0	0	0	0	0	0	0	0	0	0	0	0	0	0	0	0	0	0	0	0
