	('Numbers: Zero-64', 'Digit: Zero')	('Numbers: Eight-1873', 'Digit: Eight')	('Numbers: Zero-5836', 'Digit: Zero')	('Numbers: Eight-5909', 'Digit: Eight')	('Numbers: Seven-562', 'Digit: Seven')	('Numbers: Seven-2325', 'Digit: Seven')	('Numbers: Two-4298', 'Digit: Two')	('Numbers: Five-3004', 'Digit: Five')	('Numbers: Six-3475', 'Digit: Six')	('Numbers: Four-5622', 'Digit: Four')	('Numbers: Two-804', 'Digit: Two')	('Numbers: Six-5128', 'Digit: Six')	('Numbers: One-1913', 'Digit: One')	('Numbers: Two-4577', 'Digit: Two')	('Numbers: Four-273', 'Digit: Four')	('Numbers: Six-497', 'Digit: Six')	('Numbers: Nine-5962', 'Digit: Nine')	('Numbers: Seven-1879', 'Digit: Seven')	('Numbers: Six-1564', 'Digit: Six')	('Numbers: Nine-2142', 'Digit: Nine')
pos_0-0	0	0	0	0	0	0	0	0	0	0	0	0	0	0	0	0	0	0	0	0
pos_0-1	0	0	0	0	0	0	0	0	0	0	0	0	0	0	0	0	0	0	0	0
pos_0-2	0	0	0	0	0	0	0	0	0	0	0	0	0	0	0	0	0	0	0	0
pos_0-3	0	0	0	0	0	0	0	0	0	0	0	0	0	0	0	0	0	0	0	0
pos_0-4	0	0	0	0	0	0	0	0	0	0	0	0	0	0	0	0	0	0	0	0
pos_0-5	0	0	0	0	0	0	0	0	0	0	0	0	0	0	0	0	0	0	0	0
pos_0-6	0	0	0	0	0	0	0	0	0	0	0	0	0	0	0	0	0	0	0	0
pos_0-7	0	0	0	0	0	0	0	0	0	0	0	0	0	0	0	0	0	0	0	0
pos_0-8	0	0	0	0	0	0	0	0	0	0	0	0	0	0	0	0	0	0	0	0
pos_0-9	0	0	0	0	0	0	0	0	0	0	0	0	0	0	0	0	0	0	0	0
pos_0-10	0	0	0	0	0	0	0	0	0	0	0	0	0	0	0	0	0	0	0	0
pos_0-11	0	0	0	0	0	0	0	0	0	0	0	0	0	0	0	0	0	0	0	0
pos_0-12	0	0	0	0	0	0	0	0	0	0	0	0	0	0	0	0	0	0	0	0
pos_0-13	0	0	0	0	0	0	0	0	0	0	0	0	0	0	0	0	0	0	0	0
pos_0-14	0	0	0	0	0	0	0	0	0	0	0	0	0	0	0	0	0	0	0	0
pos_0-15	0	0	0	0	0	0	0	0	0	0	0	0	0	0	0	0	0	0	0	0
pos_0-16	0	0	0	0	0	0	0	0	0	0	0	0	0	0	0	0	0	0	0	0
pos_0-17	0	0	0	0	0	0	0	0	0	0	0	0	0	0	0	0	0	0	0	0
pos_0-18	0	0	0	0	0	0	0	0	0	0	0	0	0	0	0	0	0	0	0	0
pos_0-19	0	0	0	0	0	0	0	0	0	0	0	0	0	0	0	0	0	0	0	0
pos_0-20	0	0	0	0	0	0	0	0	0	0	0	0	0	0	0	0	0	0	0	0
pos_0-21	0	0	0	0	0	0	0	0	0	0	0	0	0	0	0	0	0	0	0	0
pos_0-22	0	0	0	0	0	0	0	0	0	0	0	0	0	0	0	0	0	0	0	0
pos_0-23	0	0	0	0	0	0	0	0	0	0	0	0	0	0	0	0	0	0	0	0
pos_0-24	0	0	0	0	0	0	0	0	0	0	0	0	0	0	0	0	0	0	0	0
pos_0-25	0	0	0	0	0	0	0	0	0	0	0	0	0	0	0	0	0	0	0	0
pos_0-26	0	0	0	0	0	0	0	0	0	0	0	0	0	0	0	0	0	0	0	0
pos_0-27	0	0	0	0	0	0	0	0	0	0	0	0	0	0	0	0	0	0	0	0
pos_1-0	0	0	0	0	0	0	0	0	0	0	0	0	0	0	0	0	0	0	0	0
pos_1-1	0	0	0	0	0	0	0	0	0	0	0	0	0	0	0	0	0	0	0	0
pos_1-2	0	0	0	0	0	0	0	0	0	0	0	0	0	0	0	0	0	0	0	0
pos_1-3	0	0	0	0	0	0	0	0	0	0	0	0	0	0	0	0	0	0	0	0
pos_1-4	0	0	0	0	0	0	0	0	0	0	0	0	0	0	0	0	0	0	0	0
pos_1-5	0	0	0	0	0	0	0	0	0	0	0	0	0	0	0	0	0	0	0	0
pos_1-6	0	0	0	0	0	0	0	0	0	0	0	0	0	0	0	0	0	0	0	0
pos_1-7	0	0	0	0	0	0	0	0	0	0	0	0	0	0	0	0	0	0	0	0
pos_1-8	0	0	0	0	0	0	0	0	0	0	0	0	0	0	0	0	0	0	0	0
pos_1-9	0	0	0	0	0	0	0	0	0	0	0	0	0	0	0	0	0	0	0	0
pos_1-10	0	0	0	0	0	0	0	0	0	0	0	0	0	0	0	0	0	0	0	0
pos_1-11	0	0	0	0	0	0	0	0	0	0	0	0	0	0	0	0	0	0	0	0
pos_1-12	0	0	0	0	0	0	0	0	0	0	0	0	0	0	0	0	0	0	0	0
pos_1-13	0	0	0	0	0	0	0	0	0	0	0	0	0	0	0	0	0	0	0	0
pos_1-14	0	0	0	0	0	0	0	0	0	0	0	0	0	0	0	0	0	0	0	0
pos_1-15	0	0	0	0	0	0	0	0	0	0	0	0	0	0	0	0	0	0	0	0
pos_1-16	0	0	0	0	0	0	0	0	0	0	0	0	0	0	0	0	0	0	0	0
pos_1-17	0	0	0	0	0	0	0	0	0	0	0	0	0	0	0	0	0	0	0	0
pos_1-18	0	0	0	0	0	0	0	0	0	0	0	0	0	0	0	0	0	0	0	0
pos_1-19	0	0	0	0	0	0	0	0	0	0	0	0	0	0	0	0	0	0	0	0
pos_1-20	0	0	0	0	0	0	0	0	0	0	0	0	0	0	0	0	0	0	0	0
pos_1-21	0	0	0	0	0	0	0	0	0	0	0	0	0	0	0	0	0	0	0	0
pos_1-22	0	0	0	0	0	0	0	0	0	0	0	0	0	0	0	0	0	0	0	0
pos_1-23	0	0	0	0	0	0	0	0	0	0	0	0	0	0	0	0	0	0	0	0
pos_1-24	0	0	0	0	0	0	0	0	0	0	0	0	0	0	0	0	0	0	0	0
pos_1-25	0	0	0	0	0	0	0	0	0	0	0	0	0	0	0	0	0	0	0	0
pos_1-26	0	0	0	0	0	0	0	0	0	0	0	0	0	0	0	0	0	0	0	0
pos_1-27	0	0	0	0	0	0	0	0	0	0	0	0	0	0	0	0	0	0	0	0
pos_2-0	0	0	0	0	0	0	0	0	0	0	0	0	0	0	0	0	0	0	0	0
pos_2-1	0	0	0	0	0	0	0	0	0	0	0	0	0	0	0	0	0	0	0	0
pos_2-2	0	0	0	0	0	0	0	0	0	0	0	0	0	0	0	0	0	0	0	0
pos_2-3	0	0	0	0	0	0	0	0	0	0	0	0	0	0	0	0	0	0	0	0
pos_2-4	0	0	0	0	0	0	0	0	0	0	0	0	0	0	0	0	0	0	0	0
pos_2-5	0	0	0	0	0	0	0	0	0	0	0	0	0	0	0	0	0	0	0	0
pos_2-6	0	0	0	0	0	0	0	0	0	0	0	0	0	0	0	0	0	0	0	0
pos_2-7	0	0	0	0	0	0	0	0	0	0	0	0	0	0	0	0	0	0	0	0
pos_2-8	0	0	0	0	0	0	0	0	0	0	0	0	0	0	0	0	0	0	0	0
pos_2-9	0	0	0	0	0	0	0	0	0	0	0	0	0	0	0	0	0	0	0	0
pos_2-10	0	0	0	0	0	0	0	0	0	0	0	0	0	0	0	0	0	0	0	0
pos_2-11	0	0	0	0	0	0	0	0	0	0	0	0	0	0	0	0	0	0	0	0
pos_2-12	0	0	0	0	0	0	0	0	0	0	0	0	0	0	0	0	0	0	0	0
pos_2-13	0	0	0	0	0	0	0	0	0	0	0	0	0	0	0	0	0	0	0	0
pos_2-14	0	0	0	0	0	0	0	0	0	0	0	0	0	0	0	0	0	0	0	0
pos_2-15	0	0	0	0	0	0	0	0	0	0	0	0	0	0	0	0	0	0	0	0
pos_2-16	0	0	0	0	0	0	0	0	0	0	0	0	0	0	0	0	0	0	0	0
pos_2-17	0	0	0	0	0	0	0	0	0	0	0	0	0	0	0	0	0	0	9	0
pos_2-18	0	0	0	0	0	0	0	0	0	0	0	143	0	0	0	0	0	0	168	0
pos_2-19	0	0	0	0	0	0	0	0	0	0	0	224	0	0	0	0	0	0	228	0
pos_2-20	0	0	0	0	0	0	0	0	0	0	0	0	0	0	0	0	0	0	0	0
pos_2-21	0	0	0	0	0	0	0	0	0	0	0	0	0	0	0	0	0	0	0	0
pos_2-22	0	0	0	0	0	0	0	0	0	0	0	0	0	0	0	0	0	0	0	0
pos_2-23	0	0	0	0	0	0	0	0	0	0	0	0	0	0	0	0	0	0	0	0
pos_2-24	0	0	0	0	0	0	0	0	0	0	0	0	0	0	0	0	0	0	0	0
pos_2-25	0	0	0	0	0	0	0	0	0	0	0	0	0	0	0	0	0	0	0	0
pos_2-26	0	0	0	0	0	0	0	0	0	0	0	0	0	0	0	0	0	0	0	0
pos_2-27	0	0	0	0	0	0	0	0	0	0	0	0	0	0	0	0	0	0	0	0
pos_3-0	0	0	0	0	0	0	0	0	0	0	0	0	0	0	0	0	0	0	0	0
pos_3-1	0	0	0	0	0	0	0	0	0	0	0	0	0	0	0	0	0	0	0	0
pos_3-2	0	0	0	0	0	0	0	0	0	0	0	0	0	0	0	0	0	0	0	0
pos_3-3	0	0	0	0	0	0	0	0	0	0	0	0	0	0	0	0	0	0	0	0
pos_3-4	0	0	0	0	0	0	0	0	0	0	0	0	0	0	0	0	0	0	0	0
pos_3-5	0	0	0	0	0	0	0	0	0	0	0	0	0	0	0	0	0	0	0	0
pos_3-6	0	0	0	0	0	0	0	0	0	0	0	0	0	0	0	0	0	0	0	0
pos_3-7	0	0	0	0	0	0	0	0	0	0	0	0	0	0	0	0	0	0	0	0
pos_3-8	0	0	0	0	0	0	0	0	0	0	0	0	0	0	0	0	0	0	0	0
pos_3-9	0	0	0	0	0	0	0	0	0	0	0	0	0	0	0	0	0	0	0	0
pos_3-10	0	0	0	0	0	0	0	0	0	0	0	0	0	0	0	0	0	0	0	0
pos_3-11	0	0	0	0	0	0	0	0	0	0	0	0	0	0	0	0	0	0	0	0
pos_3-12	0	0	0	0	0	0	0	0	0	0	0	0	0	0	0	0	0	0	0	0
pos_3-13	0	0	0	0	0	0	0	0	0	0	0	0	0	0	0	0	0	0	0	0
pos_3-14	50	0	0	0	0	0	0	0	0	0	24	0	0	0	0	0	0	0	0	0
pos_3-15	237	0	0	0	0	0	0	0	0	0	65	0	0	0	0	0	0	0	0	0
pos_3-16	203	0	0	0	0	0	0	0	198	0	7	0	0	0	0	0	0	0	0	0
pos_3-17	75	0	0	0	0	0	0	0	226	0	9	55	0	0	0	0	0	0	60	0
pos_3-18	0	0	0	0	0	0	0	0	0	0	76	244	0	0	0	0	0	0	254	0
pos_3-19	0	0	0	0	0	0	0	0	0	0	255	79	0	0	0	0	0	0	195	0
pos_3-20	0	0	0	0	0	0	0	0	0	0	253	0	0	0	0	0	0	0	0	0
pos_3-21	0	0	0	0	0	0	0	0	0	0	137	0	0	0	0	0	0	0	0	0
pos_3-22	0	0	0	0	0	0	0	0	0	0	5	0	0	0	0	0	0	0	0	0
pos_3-23	0	0	0	0	0	0	0	0	0	0	0	0	0	0	0	0	0	0	0	0
pos_3-24	0	0	0	0	0	0	0	0	0	0	0	0	0	0	0	0	0	0	0	0
pos_3-25	0	0	0	0	0	0	0	0	0	0	0	0	0	0	0	0	0	0	0	0
pos_3-26	0	0	0	0	0	0	0	0	0	0	0	0	0	0	0	0	0	0	0	0
pos_3-27	0	0	0	0	0	0	0	0	0	0	0	0	0	0	0	0	0	0	0	0
pos_4-0	0	0	0	0	0	0	0	0	0	0	0	0	0	0	0	0	0	0	0	0
pos_4-1	0	0	0	0	0	0	0	0	0	0	0	0	0	0	0	0	0	0	0	0
pos_4-2	0	0	0	0	0	0	0	0	0	0	0	0	0	0	0	0	0	0	0	0
pos_4-3	0	0	0	0	0	0	0	0	0	0	0	0	0	0	0	0	0	0	0	0
pos_4-4	0	0	0	0	0	0	0	0	0	0	0	0	0	0	0	0	0	0	0	0
pos_4-5	0	0	0	0	0	0	0	0	0	0	0	0	0	0	0	0	0	0	0	0
pos_4-6	0	0	0	0	0	0	0	0	0	0	0	0	0	0	0	0	0	0	0	0
pos_4-7	0	0	0	0	0	0	0	0	0	0	0	0	0	0	0	0	0	0	0	0
pos_4-8	0	0	0	0	0	0	0	0	0	0	0	0	0	0	0	0	0	0	0	0
pos_4-9	0	0	0	0	0	0	0	0	0	0	0	0	0	0	0	0	0	0	0	0
pos_4-10	0	0	0	0	0	0	0	0	0	0	0	0	0	88	0	0	0	0	0	0
pos_4-11	0	0	0	0	0	0	0	0	0	0	0	0	0	241	0	0	0	0	0	0
pos_4-12	0	0	0	0	0	0	0	0	0	0	0	0	0	254	0	0	0	0	0	0
pos_4-13	37	0	0	0	0	0	0	0	0	0	0	0	0	254	0	0	0	0	0	0
pos_4-14	232	0	0	0	0	0	0	0	0	0	138	0	176	255	0	0	0	0	0	0
pos_4-15	254	0	0	0	0	0	0	0	0	0	252	0	206	254	0	0	0	0	0	0
pos_4-16	254	0	0	0	0	0	0	0	255	0	186	5	25	195	0	0	0	0	13	0
pos_4-17	244	0	110	0	0	0	0	0	255	0	194	208	0	16	0	25	0	0	194	0
pos_4-18	15	0	253	0	0	0	0	0	0	0	252	161	0	0	0	132	0	0	254	0
pos_4-19	0	0	232	0	0	0	0	0	0	0	253	3	0	0	0	161	0	0	24	0
pos_4-20	0	0	47	0	0	0	0	0	0	0	252	0	0	0	0	253	0	0	0	0
pos_4-21	0	0	0	0	0	0	0	0	0	0	252	0	0	0	0	172	0	0	0	0
pos_4-22	0	0	0	0	0	0	0	0	0	0	119	0	0	0	0	2	0	0	0	0
pos_4-23	0	0	0	0	0	0	0	0	0	0	0	0	0	0	0	0	0	0	0	0
pos_4-24	0	0	0	0	0	0	0	0	0	0	0	0	0	0	0	0	0	0	0	0
pos_4-25	0	0	0	0	0	0	0	0	0	0	0	0	0	0	0	0	0	0	0	0
pos_4-26	0	0	0	0	0	0	0	0	0	0	0	0	0	0	0	0	0	0	0	0
pos_4-27	0	0	0	0	0	0	0	0	0	0	0	0	0	0	0	0	0	0	0	0
pos_5-0	0	0	0	0	0	0	0	0	0	0	0	0	0	0	0	0	0	0	0	0
pos_5-1	0	0	0	0	0	0	0	0	0	0	0	0	0	0	0	0	0	0	0	0
pos_5-2	0	0	0	0	0	0	0	0	0	0	0	0	0	0	0	0	0	0	0	0
pos_5-3	0	0	0	0	0	0	0	0	0	0	0	0	0	0	0	0	0	0	0	0
pos_5-4	0	0	0	0	0	0	0	0	0	0	0	0	0	0	0	0	0	0	0	0
pos_5-5	0	0	0	0	0	0	0	0	0	0	0	0	0	0	0	0	0	0	0	0
pos_5-6	0	0	0	0	0	0	0	0	0	0	0	0	0	0	0	0	0	0	0	0
pos_5-7	0	0	0	0	0	0	0	0	0	0	0	0	0	0	0	0	0	0	0	0
pos_5-8	0	0	0	175	0	0	0	0	0	0	0	0	0	0	0	0	0	0	0	0
pos_5-9	0	0	0	255	0	0	0	0	0	0	0	0	0	120	7	0	0	0	0	0
pos_5-10	0	0	0	137	0	0	0	0	0	0	0	0	0	252	161	0	0	0	0	0
pos_5-11	0	0	0	125	0	0	0	0	0	0	0	0	0	206	176	0	0	0	0	0
pos_5-12	9	0	0	125	0	0	0	0	0	0	0	0	0	198	0	0	0	0	0	0
pos_5-13	156	0	0	86	0	0	0	0	0	0	0	0	0	218	0	0	0	0	0	0
pos_5-14	254	0	21	0	0	0	0	0	0	0	138	0	253	254	0	0	0	0	0	0
pos_5-15	209	0	73	33	0	0	0	0	29	0	252	0	252	253	0	0	0	0	0	0
pos_5-16	250	0	73	125	0	0	0	0	255	0	252	140	55	253	0	26	0	0	149	0
pos_5-17	254	0	233	35	0	0	0	0	226	0	252	253	0	106	0	211	0	0	254	0
pos_5-18	131	0	252	0	0	0	0	0	0	0	221	45	0	0	0	252	0	0	238	0
pos_5-19	0	0	252	0	0	0	0	0	0	0	180	0	0	0	0	252	0	0	9	0
pos_5-20	0	0	232	0	0	0	0	0	0	0	211	0	0	0	0	252	0	0	0	0
pos_5-21	0	0	0	0	0	0	0	0	0	0	252	0	0	0	0	252	0	0	0	0
pos_5-22	0	0	0	0	0	0	0	0	0	0	128	0	0	0	0	105	0	0	0	0
pos_5-23	0	0	0	14	0	0	0	0	0	0	0	0	0	0	0	0	0	0	0	0
pos_5-24	0	0	0	248	0	0	0	0	0	0	0	0	0	0	0	0	0	0	0	0
pos_5-25	0	0	0	0	0	0	0	0	0	0	0	0	0	0	0	0	0	0	0	0
pos_5-26	0	0	0	0	0	0	0	0	0	0	0	0	0	0	0	0	0	0	0	0
pos_5-27	0	0	0	0	0	0	0	0	0	0	0	0	0	0	0	0	0	0	0	0
pos_6-0	0	0	0	0	0	0	0	0	0	0	0	0	0	0	0	0	0	0	0	0
pos_6-1	0	0	0	0	0	0	0	0	0	0	0	0	0	0	0	0	0	0	0	0
pos_6-2	0	0	0	0	0	0	0	0	0	0	0	0	0	0	0	0	0	0	0	0
pos_6-3	0	0	0	0	0	0	0	0	0	0	0	0	0	0	0	0	0	0	0	0
pos_6-4	0	0	0	0	0	0	0	0	0	0	0	0	0	0	0	0	0	0	0	0
pos_6-5	0	0	0	0	0	0	0	0	0	0	0	0	0	0	0	0	0	0	0	0
pos_6-6	0	0	0	0	0	0	0	0	0	0	0	0	0	0	0	0	0	0	0	0
pos_6-7	0	0	0	0	0	0	0	0	0	0	0	0	0	0	0	0	0	0	0	0
pos_6-8	0	0	0	241	0	0	0	0	0	0	0	0	0	0	0	0	0	0	0	0
pos_6-9	0	17	0	253	0	0	0	0	0	0	0	0	0	208	74	0	0	0	0	0
pos_6-10	0	118	0	253	0	0	0	0	0	0	0	0	0	253	254	0	0	0	0	0
pos_6-11	0	254	0	253	5	0	57	0	0	0	0	0	0	36	214	0	19	0	0	0
pos_6-12	31	254	21	253	34	0	57	0	0	6	0	0	0	0	0	0	87	0	0	0
pos_6-13	233	254	182	252	130	0	86	0	0	163	0	0	0	104	0	0	203	0	0	172
pos_6-14	163	254	201	248	225	0	0	0	0	137	25	0	253	254	0	0	254	0	0	254
pos_6-15	11	254	252	249	255	0	0	0	226	0	67	61	233	253	0	37	255	0	105	254
pos_6-16	143	254	252	253	255	0	0	0	255	0	160	255	43	253	0	160	140	0	251	122
pos_6-17	254	203	253	198	255	0	0	0	86	0	160	178	0	231	0	252	0	0	235	0
pos_6-18	233	122	96	0	255	0	0	0	0	0	88	0	0	36	9	252	0	0	61	0
pos_6-19	25	62	98	0	145	0	0	0	0	0	5	0	0	0	7	252	0	0	0	0
pos_6-20	0	0	252	0	79	0	0	0	0	11	177	0	0	0	0	242	0	0	0	0
pos_6-21	0	0	0	0	1	0	0	0	0	171	252	0	0	0	0	216	0	0	0	0
pos_6-22	0	0	0	80	0	0	0	0	0	219	139	0	0	0	0	76	0	0	0	0
pos_6-23	0	0	0	248	0	0	0	0	0	9	0	0	0	0	0	0	0	0	0	0
pos_6-24	0	0	0	186	0	0	0	0	0	0	0	0	0	0	0	0	0	0	0	0
pos_6-25	0	0	0	0	0	0	0	0	0	0	0	0	0	0	0	0	0	0	0	0
pos_6-26	0	0	0	0	0	0	0	0	0	0	0	0	0	0	0	0	0	0	0	0
pos_6-27	0	0	0	0	0	0	0	0	0	0	0	0	0	0	0	0	0	0	0	0
pos_7-0	0	0	0	0	0	0	0	0	0	0	0	0	0	0	0	0	0	0	0	0
pos_7-1	0	0	0	0	0	0	0	0	0	0	0	0	0	0	0	0	0	0	0	0
pos_7-2	0	0	0	0	0	0	0	0	0	0	0	0	0	0	0	0	0	0	0	0
pos_7-3	0	0	0	0	0	0	0	0	0	0	0	0	0	0	0	0	0	0	0	0
pos_7-4	0	0	0	0	0	0	0	0	0	0	0	0	0	0	0	0	0	0	0	0
pos_7-5	0	0	0	0	0	0	0	0	0	0	0	0	0	0	0	0	0	0	0	0
pos_7-6	0	0	0	0	0	0	0	0	0	0	0	0	0	0	0	0	0	0	0	0
pos_7-7	0	0	0	0	0	0	0	0	0	0	0	0	0	0	0	0	0	0	0	0
pos_7-8	0	104	0	118	8	0	0	0	0	0	0	0	0	0	0	0	0	0	0	0
pos_7-9	0	222	0	253	31	0	0	0	0	0	0	0	0	254	66	0	0	0	0	0
pos_7-10	0	253	0	253	136	0	170	0	0	0	0	0	0	253	254	0	17	0	0	0
pos_7-11	9	253	21	253	217	7	255	0	0	0	0	0	0	207	230	0	204	0	0	0
pos_7-12	164	252	206	209	253	136	255	0	0	84	0	0	0	199	24	0	253	3	0	161
pos_7-13	192	247	253	230	253	119	255	0	0	254	0	0	16	238	0	0	253	67	0	251
pos_7-14	11	250	252	253	253	0	255	0	57	147	0	10	253	254	0	81	253	172	26	200
pos_7-15	0	253	252	253	253	0	198	0	255	0	0	195	177	246	0	253	254	180	226	47
pos_7-16	74	246	252	253	253	0	114	0	255	0	0	233	7	253	0	252	223	254	254	181
pos_7-17	253	253	253	201	253	0	57	0	0	0	0	32	0	253	0	252	17	201	143	109
pos_7-18	254	253	35	0	253	0	0	0	0	0	0	0	0	143	225	252	0	18	0	0
pos_7-19	89	249	37	0	253	0	0	0	0	0	22	0	0	0	226	212	0	0	0	0
pos_7-20	0	108	252	72	253	85	0	0	0	50	244	0	0	0	78	60	0	0	0	0
pos_7-21	0	1	84	192	85	255	0	0	0	242	252	0	0	0	0	0	0	0	0	0
pos_7-22	0	0	0	248	0	173	0	0	0	213	108	0	0	0	0	0	0	0	0	0
pos_7-23	0	0	0	241	0	0	0	0	0	7	0	0	0	0	0	0	0	0	0	0
pos_7-24	0	0	0	6	0	0	0	0	0	0	0	0	0	0	0	0	0	0	0	0
pos_7-25	0	0	0	0	0	0	0	0	0	0	0	0	0	0	0	0	0	0	0	0
pos_7-26	0	0	0	0	0	0	0	0	0	0	0	0	0	0	0	0	0	0	0	0
pos_7-27	0	0	0	0	0	0	0	0	0	0	0	0	0	0	0	0	0	0	0	0
pos_8-0	0	0	0	0	0	0	0	0	0	0	0	0	0	0	0	0	0	0	0	0
pos_8-1	0	0	0	0	0	0	0	0	0	0	0	0	0	0	0	0	0	0	0	0
pos_8-2	0	0	0	0	0	0	0	0	0	0	0	0	0	0	0	0	0	0	0	0
pos_8-3	0	0	0	0	0	0	0	0	0	0	0	0	0	0	0	0	0	0	0	0
pos_8-4	0	0	0	0	0	0	0	0	0	0	0	0	0	0	0	0	0	0	0	0
pos_8-5	0	0	0	0	1	0	0	0	0	0	0	0	0	0	0	0	0	0	0	0
pos_8-6	0	0	0	0	28	0	0	0	0	0	0	0	0	0	0	0	0	0	0	0
pos_8-7	0	43	0	0	143	0	0	0	0	0	0	0	0	0	0	0	0	0	0	0
pos_8-8	0	242	0	9	210	0	0	0	0	0	0	0	0	0	6	0	0	0	0	0
pos_8-9	0	253	0	73	253	0	0	0	0	0	0	0	0	156	166	0	62	15	0	0
pos_8-10	3	195	32	243	253	0	255	0	0	0	0	0	0	253	254	0	199	91	0	0
pos_8-11	122	155	211	253	253	125	255	0	0	26	0	0	0	253	159	0	254	149	0	52
pos_8-12	254	75	252	253	253	253	170	91	0	213	0	0	0	253	0	0	253	204	0	233
pos_8-13	195	34	253	253	253	197	141	19	0	239	0	10	140	253	0	0	183	254	11	114
pos_8-14	0	54	158	199	253	47	170	169	198	45	0	176	253	195	0	207	46	254	178	0
pos_8-15	0	88	41	253	248	47	255	145	255	0	0	253	252	53	0	253	136	254	254	60
pos_8-16	0	22	0	229	235	47	255	9	141	0	0	72	55	227	0	252	219	254	173	253
pos_8-17	95	89	0	119	235	47	255	0	0	0	0	0	0	253	0	252	21	254	33	84
pos_8-18	254	89	0	0	235	97	86	0	0	0	0	0	0	162	225	241	0	123	0	0
pos_8-19	89	144	21	91	251	147	0	0	0	0	128	0	0	0	254	89	0	0	0	0
pos_8-20	0	253	205	247	253	247	0	0	0	45	253	0	0	0	120	0	0	0	0	0
pos_8-21	0	20	144	253	150	254	0	0	0	254	190	0	0	0	0	0	0	0	0	0
pos_8-22	0	0	0	253	1	156	0	0	0	186	5	0	0	0	0	0	0	0	0	0
pos_8-23	0	0	0	240	0	0	0	0	0	0	0	0	0	0	0	0	0	0	0	0
pos_8-24	0	0	0	0	0	0	0	0	0	0	0	0	0	0	0	0	0	0	0	0
pos_8-25	0	0	0	0	0	0	0	0	0	0	0	0	0	0	0	0	0	0	0	0
pos_8-26	0	0	0	0	0	0	0	0	0	0	0	0	0	0	0	0	0	0	0	0
pos_8-27	0	0	0	0	0	0	0	0	0	0	0	0	0	0	0	0	0	0	0	0
pos_9-0	0	0	0	0	0	0	0	0	0	0	0	0	0	0	0	0	0	0	0	0
pos_9-1	0	0	0	0	0	0	0	0	0	0	0	0	0	0	0	0	0	0	0	0
pos_9-2	0	0	0	0	0	0	0	0	0	0	0	0	0	0	0	0	0	0	0	0
pos_9-3	0	0	0	0	0	0	0	0	0	0	0	0	0	0	0	0	0	0	0	0
pos_9-4	0	0	0	0	0	0	0	0	0	0	0	0	0	0	0	0	0	0	0	0
pos_9-5	0	0	0	0	86	0	0	0	0	0	0	0	0	0	0	0	0	0	0	0
pos_9-6	0	0	0	0	253	0	0	0	0	0	0	0	0	0	0	0	0	0	0	0
pos_9-7	0	143	0	0	253	0	0	0	0	0	0	0	0	0	0	0	0	20	0	0
pos_9-8	0	253	0	0	253	0	0	0	0	0	0	0	0	0	144	0	34	110	0	0
pos_9-9	0	103	94	0	253	0	0	0	0	0	0	0	0	0	254	0	240	245	0	0
pos_9-10	9	4	227	140	253	114	170	0	0	0	0	0	0	85	229	0	253	254	0	15
pos_9-11	254	0	252	241	236	245	255	0	0	192	0	0	0	124	10	0	254	254	0	227
pos_9-12	231	0	210	253	228	253	226	24	0	254	0	0	0	124	0	63	151	254	0	125
pos_9-13	44	0	35	253	137	254	114	139	29	104	0	112	63	91	0	125	13	254	54	1
pos_9-14	0	0	5	109	105	253	0	253	255	0	0	253	255	0	0	250	0	246	254	0
pos_9-15	0	0	0	59	74	253	29	199	255	0	0	132	253	0	0	250	45	227	254	61
pos_9-16	0	0	0	192	0	253	141	13	0	0	0	0	56	218	0	180	119	230	87	253
pos_9-17	127	0	0	126	0	254	226	0	0	0	0	0	0	254	0	105	13	254	0	162
pos_9-18	254	0	0	228	0	253	255	0	0	0	0	0	0	163	225	48	34	123	0	0
pos_9-19	146	26	11	245	223	253	114	0	0	0	149	0	0	0	254	0	0	0	0	0
pos_9-20	0	253	175	253	253	253	0	0	0	114	252	0	0	0	120	0	0	0	0	0
pos_9-21	0	222	238	253	253	214	0	0	0	254	155	0	0	0	0	0	0	0	0	0
pos_9-22	0	56	72	119	12	29	0	67	0	76	17	0	0	0	0	0	0	0	0	0
pos_9-23	0	0	0	91	0	0	0	176	0	0	0	0	0	0	0	0	0	0	0	0
pos_9-24	0	0	0	0	0	0	0	107	0	0	0	0	0	0	0	0	0	0	0	0
pos_9-25	0	0	0	0	0	0	0	0	0	0	0	0	0	0	0	0	0	0	0	0
pos_9-26	0	0	0	0	0	0	0	0	0	0	0	0	0	0	0	0	0	0	0	0
pos_9-27	0	0	0	0	0	0	0	0	0	0	0	0	0	0	0	0	0	0	0	0
pos_10-0	0	0	0	0	0	0	0	0	0	0	0	0	0	0	0	0	0	0	0	0
pos_10-1	0	0	0	0	0	0	0	0	0	0	0	0	0	0	0	0	0	0	0	0
pos_10-2	0	0	0	0	0	0	0	0	0	0	0	0	0	0	0	0	0	0	0	0
pos_10-3	0	0	0	0	0	0	0	0	0	0	0	0	0	0	0	0	0	0	0	0
pos_10-4	0	0	0	0	0	0	0	0	0	0	0	0	0	0	0	0	0	0	0	0
pos_10-5	0	0	0	0	136	0	0	0	0	0	0	0	0	0	0	0	0	0	0	0
pos_10-6	0	0	0	0	253	0	0	0	0	0	0	0	0	0	0	0	0	0	0	0
pos_10-7	0	65	0	0	253	0	0	0	0	0	0	0	0	0	11	0	19	205	0	0
pos_10-8	0	253	21	0	249	0	0	0	0	0	0	0	0	0	216	0	204	254	0	0
pos_10-9	11	109	211	0	222	85	0	0	0	0	0	0	0	0	251	0	254	254	0	0
pos_10-10	192	0	252	0	140	222	0	0	0	86	0	0	0	0	111	0	195	254	0	184
pos_10-11	254	0	205	108	31	253	57	0	0	241	0	0	0	0	0	29	0	254	0	242
pos_10-12	95	0	31	253	0	253	141	106	0	220	0	44	10	0	0	229	0	222	81	42
pos_10-13	0	0	0	253	0	254	141	253	170	29	0	236	178	0	0	252	0	136	244	0
pos_10-14	0	0	0	207	0	253	0	246	255	0	0	225	253	0	0	252	0	39	254	0
pos_10-15	0	0	0	45	0	253	0	32	198	0	0	36	252	32	0	143	0	15	117	90
pos_10-16	0	0	0	212	0	253	0	3	0	0	0	0	55	238	0	0	130	170	2	253
pos_10-17	65	0	0	253	0	254	29	58	0	0	0	0	0	253	9	0	221	254	0	84
pos_10-18	254	21	0	253	73	253	226	113	0	0	85	0	0	111	229	0	161	149	7	0
pos_10-19	207	131	32	253	242	253	255	113	0	38	222	0	0	0	254	0	0	0	17	0
pos_10-20	0	253	236	253	253	253	57	189	0	218	252	0	0	0	41	0	0	0	6	0
pos_10-21	0	253	253	183	253	93	0	207	0	204	100	0	0	0	0	0	0	0	0	0
pos_10-22	0	64	179	13	12	0	0	251	0	16	0	0	0	0	0	0	0	0	0	0
pos_10-23	0	0	0	0	0	0	0	253	0	0	0	0	0	0	0	0	0	0	0	0
pos_10-24	0	0	0	0	0	0	0	253	0	0	0	0	0	0	0	0	0	0	0	0
pos_10-25	0	0	0	0	0	0	0	0	0	0	0	0	0	0	0	0	0	0	0	0
pos_10-26	0	0	0	0	0	0	0	0	0	0	0	0	0	0	0	0	0	0	0	0
pos_10-27	0	0	0	0	0	0	0	0	0	0	0	0	0	0	0	0	0	0	0	0
pos_11-0	0	0	0	0	0	0	0	0	0	0	0	0	0	0	0	0	0	0	0	0
pos_11-1	0	0	0	0	0	0	0	0	0	0	0	0	0	0	0	0	0	0	0	0
pos_11-2	0	0	0	0	0	0	0	0	0	0	0	0	0	0	0	0	0	0	0	0
pos_11-3	0	0	0	0	0	0	0	0	0	0	0	0	0	0	0	0	0	0	0	0
pos_11-4	0	0	0	0	0	0	0	0	0	0	0	0	0	0	0	0	0	0	0	0
pos_11-5	0	0	0	0	119	0	0	0	0	0	0	0	0	0	0	0	0	0	0	0
pos_11-6	0	0	0	0	251	0	0	0	0	0	0	0	0	0	0	0	0	0	0	0
pos_11-7	0	32	0	0	204	0	0	0	0	0	0	0	0	0	94	0	153	172	0	0
pos_11-8	0	236	144	0	81	85	0	0	0	0	0	0	0	0	254	0	253	213	0	0
pos_11-9	127	217	252	0	0	221	0	0	0	0	0	0	0	0	224	0	253	141	0	28
pos_11-10	254	25	252	0	0	254	0	7	0	229	0	0	0	0	0	0	177	130	0	247
pos_11-11	220	0	71	14	0	254	0	117	0	254	0	0	0	0	0	85	13	107	11	135
pos_11-12	35	0	0	38	0	169	0	250	57	89	0	146	29	0	0	252	5	2	169	0
pos_11-13	0	0	0	215	0	68	0	243	255	0	0	247	252	0	0	252	38	0	254	0
pos_11-14	0	0	0	253	0	0	0	137	255	0	0	75	253	0	0	252	80	0	220	15
pos_11-15	0	0	0	234	0	0	0	234	57	0	0	0	186	68	0	75	164	20	20	208
pos_11-16	0	0	0	253	0	0	0	189	0	0	0	0	12	253	0	0	251	243	5	240
pos_11-17	12	71	0	253	13	0	0	253	0	0	0	0	0	244	71	0	253	254	81	8
pos_11-18	254	203	0	253	222	231	29	253	0	0	63	0	0	36	254	0	211	149	198	0
pos_11-19	237	253	0	253	253	254	226	253	0	70	253	0	0	0	254	0	0	0	254	0
pos_11-20	45	244	144	242	253	169	170	253	0	254	235	0	0	0	120	0	0	0	192	0
pos_11-21	0	131	253	65	182	0	0	193	0	87	96	0	0	0	0	0	0	0	98	0
pos_11-22	0	32	221	0	5	0	0	168	0	0	0	0	0	0	0	0	0	0	0	0
pos_11-23	0	0	41	0	0	0	0	168	0	0	0	0	0	0	0	0	0	0	0	0
pos_11-24	0	0	0	0	0	0	0	99	0	0	0	0	0	0	0	0	0	0	0	0
pos_11-25	0	0	0	0	0	0	0	0	0	0	0	0	0	0	0	0	0	0	0	0
pos_11-26	0	0	0	0	0	0	0	0	0	0	0	0	0	0	0	0	0	0	0	0
pos_11-27	0	0	0	0	0	0	0	0	0	0	0	0	0	0	0	0	0	0	0	0
pos_12-0	0	0	0	0	0	0	0	0	0	0	0	0	0	0	0	0	0	0	0	0
pos_12-1	0	0	0	0	0	0	0	0	0	0	0	0	0	0	0	0	0	0	0	0
pos_12-2	0	0	0	0	0	0	0	0	0	0	0	0	0	0	0	0	0	0	0	0
pos_12-3	0	0	0	0	0	0	0	0	0	0	0	0	0	0	0	0	0	0	0	0
pos_12-4	0	0	0	0	0	0	0	0	0	0	0	0	0	0	0	0	0	0	0	0
pos_12-5	0	0	0	0	5	0	0	0	0	0	0	0	0	0	0	0	0	0	0	0
pos_12-6	0	0	0	0	80	0	0	0	0	0	0	0	0	0	0	0	0	0	0	0
pos_12-7	0	0	37	0	0	89	0	0	0	0	0	0	0	0	121	0	203	0	0	0
pos_12-8	21	186	253	0	0	247	0	0	0	0	0	0	0	0	254	0	253	0	0	0
pos_12-9	233	253	253	0	0	254	0	11	0	139	0	0	0	0	224	0	253	0	0	30
pos_12-10	253	206	222	0	0	244	0	141	0	254	0	0	0	0	0	175	253	0	0	253
pos_12-11	86	24	41	0	0	89	0	253	0	145	0	85	0	0	0	237	221	0	135	227
pos_12-12	0	0	0	0	0	6	0	253	226	3	0	254	44	0	0	252	211	0	254	85
pos_12-13	0	0	0	209	0	0	0	231	255	0	0	172	252	0	0	153	245	0	249	144
pos_12-14	0	0	0	253	0	0	29	95	141	0	0	0	253	0	0	23	253	0	82	213
pos_12-15	0	0	0	253	0	0	86	179	0	0	0	55	167	145	0	0	254	41	34	253
pos_12-16	0	78	0	253	14	0	86	103	0	0	0	114	0	253	0	0	253	254	153	238
pos_12-17	12	243	0	253	116	130	86	103	0	0	0	101	0	196	87	0	253	254	254	0
pos_12-18	255	253	0	253	253	251	86	103	0	32	63	9	0	0	254	0	244	107	254	0
pos_12-19	254	245	0	241	253	253	198	16	0	227	253	0	0	0	254	0	0	0	254	0
pos_12-20	71	77	0	152	235	69	198	9	0	197	227	0	0	0	120	0	0	0	254	0
pos_12-21	0	0	255	0	57	0	29	3	0	2	32	0	0	0	0	0	0	0	233	0
pos_12-22	0	0	253	0	0	0	0	0	0	0	0	0	0	0	0	0	0	0	44	0
pos_12-23	0	0	72	0	0	0	0	0	0	0	0	0	0	0	0	0	0	0	0	0
pos_12-24	0	0	0	0	0	0	0	0	0	0	0	0	0	0	0	0	0	0	0	0
pos_12-25	0	0	0	0	0	0	0	0	0	0	0	0	0	0	0	0	0	0	0	0
pos_12-26	0	0	0	0	0	0	0	0	0	0	0	0	0	0	0	0	0	0	0	0
pos_12-27	0	0	0	0	0	0	0	0	0	0	0	0	0	0	0	0	0	0	0	0
pos_13-0	0	0	0	0	0	0	0	0	0	0	0	0	0	0	0	0	0	0	0	0
pos_13-1	0	0	0	0	0	0	0	0	0	0	0	0	0	0	0	0	0	0	0	0
pos_13-2	0	0	0	0	0	0	0	0	0	0	0	0	0	0	0	0	0	0	0	0
pos_13-3	0	0	0	0	0	0	0	0	0	0	0	0	0	0	0	0	0	0	0	0
pos_13-4	0	0	0	0	0	0	0	0	0	0	0	0	0	0	0	0	0	0	0	0
pos_13-5	0	0	0	0	0	0	0	0	0	0	0	0	0	0	0	0	0	0	0	0
pos_13-6	0	0	0	0	0	22	0	0	0	0	0	0	0	0	0	0	0	0	0	0
pos_13-7	0	0	78	0	0	228	0	0	0	0	0	0	0	0	121	0	186	0	0	0
pos_13-8	181	15	252	0	0	253	0	0	0	123	0	0	0	0	254	0	253	0	0	0
pos_13-9	254	210	220	0	0	254	0	172	0	245	0	0	0	0	224	87	253	0	0	2
pos_13-10	249	253	45	0	0	123	57	253	0	239	0	0	0	0	0	221	253	0	76	121
pos_13-11	0	243	0	26	0	0	114	253	170	32	0	156	0	0	0	252	254	0	249	251
pos_13-12	0	129	0	116	0	0	170	253	255	0	0	254	169	0	0	206	253	0	254	239
pos_13-13	0	10	0	244	0	0	226	253	226	0	0	208	252	0	0	76	253	0	127	213
pos_13-14	0	0	0	253	0	0	255	253	0	0	0	198	253	0	0	0	253	0	38	175
pos_13-15	0	76	0	253	52	0	255	244	29	0	0	252	167	210	0	0	254	152	222	253
pos_13-16	0	248	0	253	199	9	255	149	86	5	0	254	0	253	6	0	253	254	254	238
pos_13-17	12	253	0	253	253	254	255	0	57	17	19	253	0	112	202	0	253	231	224	0
pos_13-18	254	215	0	240	253	253	255	0	0	153	233	111	0	0	254	0	128	19	125	0
pos_13-19	254	25	0	87	253	183	255	0	0	254	252	0	0	0	254	0	0	0	125	0
pos_13-20	71	0	0	0	63	13	255	0	0	245	84	0	0	0	120	0	0	0	213	0
pos_13-21	0	0	253	0	0	0	255	0	0	117	0	0	0	14	0	0	0	0	254	0
pos_13-22	0	0	252	0	0	0	141	0	0	0	0	0	0	52	0	0	0	0	114	0
pos_13-23	0	0	71	0	0	0	198	0	0	0	0	0	0	0	0	0	0	0	0	0
pos_13-24	0	0	0	0	0	0	86	0	0	0	0	0	0	0	0	0	0	0	0	0
pos_13-25	0	0	0	0	0	0	86	0	0	0	0	0	0	0	0	0	0	0	0	0
pos_13-26	0	0	0	0	0	0	0	0	0	0	0	0	0	0	0	0	0	0	0	0
pos_13-27	0	0	0	0	0	0	0	0	0	0	0	0	0	0	0	0	0	0	0	0
pos_14-0	0	0	0	0	0	0	0	0	0	0	0	0	0	0	0	0	0	0	0	0
pos_14-1	0	0	0	0	0	0	0	0	0	0	0	0	0	0	0	0	0	0	0	0
pos_14-2	0	0	0	0	0	0	0	0	0	0	0	0	0	0	0	0	0	0	0	0
pos_14-3	0	0	0	0	0	0	0	0	0	0	0	0	0	0	0	0	0	0	0	0
pos_14-4	0	0	0	0	0	0	0	0	0	0	0	0	0	0	0	0	0	0	0	0
pos_14-5	0	0	0	0	0	0	0	0	0	0	0	0	0	0	0	0	0	0	0	0
pos_14-6	0	0	0	0	0	30	0	0	0	0	0	0	0	0	0	0	0	0	0	0
pos_14-7	0	0	181	0	0	236	0	0	0	72	0	0	0	0	58	0	26	0	0	0
pos_14-8	208	0	252	0	0	253	57	91	0	243	0	0	0	0	239	90	176	0	0	0
pos_14-9	254	41	143	0	0	136	198	248	0	219	0	0	0	0	254	161	216	0	20	0
pos_14-10	148	160	0	26	0	6	255	253	29	12	0	41	0	0	144	253	254	0	234	0
pos_14-11	0	253	0	133	0	0	255	253	255	0	0	248	0	0	23	253	204	0	254	72
pos_14-12	0	253	0	253	0	0	255	232	255	0	0	255	169	0	0	253	190	0	197	61
pos_14-13	0	208	0	253	0	0	170	159	29	13	0	254	253	0	0	143	109	0	44	0
pos_14-14	0	117	0	253	77	0	86	193	198	29	0	254	255	163	0	132	59	5	224	82
pos_14-15	0	242	0	253	201	9	57	254	255	114	0	236	27	254	0	255	0	206	254	253
pos_14-16	0	253	0	253	253	184	57	215	255	207	13	156	0	204	16	253	231	254	224	238
pos_14-17	113	210	0	253	253	254	57	0	255	254	215	231	0	20	254	236	254	191	103	0
pos_14-18	254	76	0	207	253	236	198	0	29	254	252	254	0	0	254	52	136	0	0	0
pos_14-19	237	0	0	0	155	29	255	0	0	243	230	50	0	0	239	4	0	0	0	0
pos_14-20	45	0	0	0	7	0	141	0	0	226	0	0	0	0	17	0	0	0	174	0
pos_14-21	0	0	253	0	0	0	86	0	0	115	0	0	0	95	0	0	0	0	254	0
pos_14-22	0	0	252	0	0	0	0	0	0	0	0	0	0	144	0	0	0	0	114	0
pos_14-23	0	0	71	0	0	0	0	0	0	0	0	0	0	0	0	0	0	0	0	0
pos_14-24	0	0	0	0	0	0	57	0	0	0	0	0	0	0	0	0	0	0	0	0
pos_14-25	0	0	0	0	0	0	57	0	0	0	0	0	0	0	0	0	0	0	0	0
pos_14-26	0	0	0	0	0	0	0	0	0	0	0	0	0	0	0	0	0	0	0	0
pos_14-27	0	0	0	0	0	0	0	0	0	0	0	0	0	0	0	0	0	0	0	0
pos_15-0	0	0	0	0	0	0	0	0	0	0	0	0	0	0	0	0	0	0	0	0
pos_15-1	0	0	0	0	0	0	0	0	0	0	0	0	0	0	0	0	0	0	0	0
pos_15-2	0	0	0	0	0	0	0	0	0	0	0	0	0	0	0	0	0	0	0	0
pos_15-3	0	0	0	0	0	0	0	0	0	0	0	0	0	0	0	0	0	0	0	0
pos_15-4	0	0	0	0	0	0	0	0	0	0	0	0	0	0	0	0	0	0	0	0
pos_15-5	0	0	0	0	0	0	0	0	0	0	0	0	0	0	0	0	0	0	0	0
pos_15-6	0	0	42	0	0	0	0	0	0	20	0	0	0	0	0	0	0	0	0	0
pos_15-7	119	0	221	0	0	76	170	0	0	243	26	0	0	0	0	21	0	0	0	0
pos_15-8	250	0	252	0	0	59	255	0	0	254	7	0	0	20	94	217	0	0	17	0
pos_15-9	254	0	143	25	0	0	255	139	0	129	0	19	0	55	252	252	11	0	194	0
pos_15-10	129	1	0	201	0	0	141	146	198	96	0	172	0	4	254	252	23	0	254	0
pos_15-11	0	111	0	253	0	0	86	63	255	124	0	253	0	0	227	252	7	0	194	0
pos_15-12	0	251	0	253	0	0	0	0	170	203	0	254	169	0	128	252	2	0	128	0
pos_15-13	0	253	0	253	16	0	0	0	170	225	0	187	252	72	106	252	0	0	230	0
pos_15-14	0	253	0	253	207	0	0	0	226	255	0	94	253	247	106	252	0	17	254	105
pos_15-15	0	253	0	253	253	108	0	255	29	233	0	5	27	253	106	253	38	254	219	253
pos_15-16	0	198	0	253	253	254	0	216	29	237	153	0	0	107	153	252	243	254	30	160
pos_15-17	183	57	0	253	253	254	57	0	255	254	252	57	0	0	254	252	253	107	0	0
pos_15-18	254	0	0	242	154	56	255	0	170	238	252	235	0	0	254	252	69	0	0	0
pos_15-19	207	0	0	63	8	0	198	0	0	55	115	133	0	0	93	72	0	0	152	0
pos_15-20	0	0	84	0	0	0	0	0	0	0	0	0	0	71	0	0	0	0	239	0
pos_15-21	0	0	253	0	0	0	0	0	0	0	0	0	0	244	0	0	0	0	254	0
pos_15-22	0	0	252	0	0	0	0	0	0	0	0	0	0	93	0	0	0	0	72	0
pos_15-23	0	0	71	0	0	0	0	0	0	0	0	0	0	0	0	0	0	0	0	0
pos_15-24	0	0	0	0	0	0	0	0	0	0	0	0	0	0	0	0	0	0	0	0
pos_15-25	0	0	0	0	0	0	0	0	0	0	0	0	0	0	0	0	0	0	0	0
pos_15-26	0	0	0	0	0	0	0	0	0	0	0	0	0	0	0	0	0	0	0	0
pos_15-27	0	0	0	0	0	0	0	0	0	0	0	0	0	0	0	0	0	0	0	0
pos_16-0	0	0	0	0	0	0	0	0	0	0	0	0	0	0	0	0	0	0	0	0
pos_16-1	0	0	0	0	0	0	0	0	0	0	0	0	0	0	0	0	0	0	0	0
pos_16-2	0	0	0	0	0	0	0	0	0	0	0	0	0	0	0	0	0	0	0	0
pos_16-3	0	0	0	0	0	0	0	0	0	0	0	0	0	0	0	0	0	0	0	0
pos_16-4	0	0	0	0	0	0	0	0	0	0	9	0	0	0	0	0	0	0	0	0
pos_16-5	0	0	0	0	0	0	0	0	0	0	166	0	0	0	0	0	0	0	0	0
pos_16-6	0	0	135	0	0	0	170	0	0	43	207	0	0	32	0	0	0	0	0	0
pos_16-7	190	0	253	0	0	0	255	0	0	237	224	0	0	198	0	14	0	0	0	0
pos_16-8	254	0	253	108	0	0	170	0	0	254	211	5	0	230	0	200	0	0	56	0
pos_16-9	254	0	0	212	0	0	29	0	57	254	208	161	0	254	49	252	0	0	254	0
pos_16-10	13	0	0	253	0	0	0	0	255	254	133	253	0	117	128	252	0	0	253	0
pos_16-11	0	0	0	253	0	0	0	0	255	254	93	253	0	6	251	252	0	0	125	0
pos_16-12	0	161	0	253	0	0	0	0	86	202	17	128	169	75	254	252	0	0	223	0
pos_16-13	0	253	0	253	63	0	0	0	255	193	0	9	252	243	254	236	0	0	254	0
pos_16-14	0	253	0	253	253	60	0	63	57	109	0	0	165	254	254	216	0	123	214	105
pos_16-15	0	253	0	240	253	249	0	219	0	30	17	0	6	147	254	96	70	254	30	253
pos_16-16	112	136	0	104	253	253	86	229	0	168	209	0	0	5	254	108	253	222	3	197
pos_16-17	254	1	0	202	127	124	255	21	255	254	252	10	0	0	254	238	253	2	53	0
pos_16-18	254	0	0	253	9	2	255	0	255	132	210	223	0	0	166	252	69	0	224	0
pos_16-19	91	0	16	84	0	0	57	0	0	0	0	157	0	11	0	146	0	0	254	0
pos_16-20	0	0	191	0	0	0	0	0	0	0	0	0	0	193	0	0	0	0	236	0
pos_16-21	0	0	255	0	0	0	0	0	0	0	0	0	0	221	0	0	0	0	93	0
pos_16-22	0	0	180	0	0	0	0	0	0	0	34	0	0	8	0	0	0	0	1	0
pos_16-23	0	0	0	0	0	0	0	0	0	0	51	0	0	0	0	0	0	0	0	0
pos_16-24	0	0	0	0	0	0	0	0	0	0	0	0	0	0	0	0	0	0	0	0
pos_16-25	0	0	0	0	0	0	0	0	0	0	0	0	0	0	0	0	0	0	0	0
pos_16-26	0	0	0	0	0	0	0	0	0	0	0	0	0	0	0	0	0	0	0	0
pos_16-27	0	0	0	0	0	0	0	0	0	0	0	0	0	0	0	0	0	0	0	0
pos_17-0	0	0	0	0	0	0	0	0	0	0	0	0	0	0	0	0	0	0	0	0
pos_17-1	0	0	0	0	0	0	0	0	0	0	0	0	0	0	0	0	0	0	0	0
pos_17-2	0	0	0	0	0	0	0	0	0	0	0	0	0	0	0	0	0	0	0	0
pos_17-3	0	0	0	0	0	0	0	0	0	0	0	0	0	0	0	0	0	0	0	0
pos_17-4	0	0	0	0	0	0	0	0	0	0	181	0	0	0	0	0	0	0	0	0
pos_17-5	0	0	0	0	0	0	0	0	0	0	252	0	0	24	0	0	0	0	0	0
pos_17-6	0	0	217	0	0	0	255	0	0	3	252	0	0	213	0	0	0	0	0	0
pos_17-7	190	0	252	22	0	0	141	0	0	66	252	0	0	253	0	25	0	0	32	0
pos_17-8	254	0	252	244	0	0	0	0	0	109	252	68	0	253	0	225	0	0	222	0
pos_17-9	192	0	0	253	0	0	0	0	226	109	253	253	0	254	0	252	0	0	254	0
pos_17-10	5	0	0	253	0	0	0	0	255	109	252	253	0	253	0	252	0	0	144	0
pos_17-11	0	54	0	253	0	0	0	0	198	30	252	253	0	207	37	236	0	0	182	0
pos_17-12	0	248	0	253	0	0	0	0	198	0	234	6	169	241	40	101	0	0	254	0
pos_17-13	0	253	0	186	159	32	0	26	255	0	178	0	252	253	40	48	0	6	243	0
pos_17-14	0	253	0	180	253	190	0	238	0	0	106	0	140	119	40	0	0	231	29	128
pos_17-15	12	253	0	58	253	253	86	254	0	23	99	0	0	4	40	0	70	254	92	253
pos_17-16	185	253	0	0	229	244	226	173	114	239	252	0	0	0	221	17	253	219	181	138
pos_17-17	254	126	0	93	57	0	255	0	255	210	252	159	0	0	254	221	253	0	255	0
pos_17-18	251	0	21	253	0	0	86	0	141	2	32	253	0	0	129	252	69	0	254	0
pos_17-19	78	0	99	174	0	0	0	0	0	0	64	49	0	80	0	112	0	0	180	0
pos_17-20	0	0	252	0	0	0	0	0	0	0	116	0	0	253	0	0	0	0	26	0
pos_17-21	0	0	222	0	0	0	0	0	0	0	199	0	0	177	0	0	0	0	0	0
pos_17-22	0	0	45	0	0	0	0	0	0	0	238	0	0	0	0	0	0	0	0	0
pos_17-23	0	0	0	0	0	0	0	0	0	0	137	0	0	0	0	0	0	0	0	0
pos_17-24	0	0	0	0	0	0	0	0	0	0	0	0	0	0	0	0	0	0	0	0
pos_17-25	0	0	0	0	0	0	0	0	0	0	0	0	0	0	0	0	0	0	0	0
pos_17-26	0	0	0	0	0	0	0	0	0	0	0	0	0	0	0	0	0	0	0	0
pos_17-27	0	0	0	0	0	0	0	0	0	0	0	0	0	0	0	0	0	0	0	0
pos_18-0	0	0	0	0	0	0	0	0	0	0	0	0	0	0	0	0	0	0	0	0
pos_18-1	0	0	0	0	0	0	0	0	0	0	0	0	0	0	0	0	0	0	0	0
pos_18-2	0	0	0	0	0	0	0	0	0	0	0	0	0	0	0	0	0	0	0	0
pos_18-3	0	0	0	0	0	0	0	0	0	0	0	0	0	0	0	0	0	0	0	0
pos_18-4	0	0	0	0	0	0	0	0	0	0	202	0	0	0	0	0	0	0	0	0
pos_18-5	0	0	0	0	0	0	0	73	0	0	253	0	0	120	0	0	0	0	0	0
pos_18-6	0	0	217	20	0	0	255	169	0	0	215	0	0	253	0	0	0	0	0	0
pos_18-7	190	0	252	206	0	0	170	94	0	0	116	0	0	253	0	37	0	0	115	0
pos_18-8	254	0	252	253	0	0	29	0	0	0	63	206	0	253	0	252	0	0	254	0
pos_18-9	147	0	0	253	0	0	0	0	255	0	0	254	0	254	0	252	0	0	254	0
pos_18-10	0	20	0	253	0	0	0	0	255	0	22	254	0	253	0	235	0	0	218	0
pos_18-11	0	200	0	253	0	0	0	0	29	0	146	230	32	253	0	70	0	0	254	0
pos_18-12	0	253	0	220	85	0	0	45	255	0	249	0	215	253	0	0	0	0	254	0
pos_18-13	0	248	0	107	240	104	29	196	255	0	253	0	252	155	0	0	0	14	252	0
pos_18-14	0	82	0	17	253	253	141	253	57	0	255	0	140	0	0	0	0	254	212	204
pos_18-15	173	122	0	0	253	244	255	234	170	125	253	19	0	0	17	0	162	254	246	250
pos_18-16	254	248	0	0	133	69	198	20	255	253	253	134	0	0	226	111	254	108	254	53
pos_18-17	252	251	37	26	0	0	86	0	226	52	253	254	0	0	254	252	254	0	186	0
pos_18-18	128	117	181	213	0	0	0	0	29	0	148	111	0	0	63	252	69	0	110	0
pos_18-19	0	0	252	240	0	0	0	0	0	0	255	0	0	195	0	72	0	0	2	0
pos_18-20	0	0	252	61	0	0	0	0	0	0	253	0	0	253	0	0	0	0	0	0
pos_18-21	0	0	125	0	0	0	0	0	0	0	236	0	0	62	0	0	0	0	0	0
pos_18-22	0	0	0	0	0	0	0	0	0	0	135	0	0	0	0	0	0	0	0	0
pos_18-23	0	0	0	0	0	0	0	0	0	0	63	0	0	0	0	0	0	0	0	0
pos_18-24	0	0	0	0	0	0	0	0	0	0	0	0	0	0	0	0	0	0	0	0
pos_18-25	0	0	0	0	0	0	0	0	0	0	0	0	0	0	0	0	0	0	0	0
pos_18-26	0	0	0	0	0	0	0	0	0	0	0	0	0	0	0	0	0	0	0	0
pos_18-27	0	0	0	0	0	0	0	0	0	0	0	0	0	0	0	0	0	0	0	0
pos_19-0	0	0	0	0	0	0	0	0	0	0	0	0	0	0	0	0	0	0	0	0
pos_19-1	0	0	0	0	0	0	0	0	0	0	0	0	0	0	0	0	0	0	0	0
pos_19-2	0	0	0	0	0	0	0	0	0	0	0	0	0	0	0	0	0	0	0	0
pos_19-3	0	0	0	0	0	0	0	0	0	0	0	0	0	0	0	0	0	0	0	0
pos_19-4	0	0	0	0	0	0	0	0	0	0	253	0	0	0	0	0	0	0	0	0
pos_19-5	0	0	0	0	0	0	0	247	0	0	252	0	0	20	0	0	0	0	0	0
pos_19-6	0	0	217	125	0	0	198	253	0	0	183	0	0	82	0	0	0	0	0	0
pos_19-7	190	0	252	253	0	0	255	248	0	0	0	0	0	254	0	37	0	0	7	0
pos_19-8	254	0	252	253	0	0	198	79	0	0	0	254	0	254	0	252	0	0	241	0
pos_19-9	225	0	0	253	0	0	170	48	255	0	0	223	0	255	0	252	0	0	254	0
pos_19-10	40	129	0	241	0	0	114	125	255	0	0	187	0	254	0	235	0	0	254	0
pos_19-11	66	253	0	173	85	0	170	207	170	0	0	253	57	254	0	193	0	0	254	0
pos_19-12	25	227	0	14	241	119	170	245	255	0	207	165	253	254	0	90	0	0	254	0
pos_19-13	16	53	0	0	253	254	255	253	255	0	252	118	253	98	0	73	0	99	254	34
pos_19-14	102	0	0	0	253	241	255	235	255	72	253	183	141	0	0	73	0	254	254	237
pos_19-15	243	0	0	0	228	67	141	49	255	254	252	249	0	0	61	194	161	235	229	193
pos_19-16	254	77	84	0	32	0	0	0	226	162	252	251	0	0	254	227	253	15	64	0
pos_19-17	212	243	253	53	0	0	0	0	57	1	252	118	0	0	254	252	236	0	2	0
pos_19-18	0	203	252	253	0	0	0	0	0	0	252	9	0	149	30	215	19	0	0	0
pos_19-19	0	8	231	253	0	0	0	0	0	0	228	0	0	255	0	17	0	0	0	0
pos_19-20	0	0	108	91	0	0	0	0	0	0	132	0	0	173	0	0	0	0	0	0
pos_19-21	0	0	0	0	0	0	0	0	0	0	25	0	0	0	0	0	0	0	0	0
pos_19-22	0	0	0	0	0	0	0	0	0	0	0	0	0	0	0	0	0	0	0	0
pos_19-23	0	0	0	0	0	0	0	0	0	0	0	0	0	0	0	0	0	0	0	0
pos_19-24	0	0	0	0	0	0	0	0	0	0	0	0	0	0	0	0	0	0	0	0
pos_19-25	0	0	0	0	0	0	0	0	0	0	0	0	0	0	0	0	0	0	0	0
pos_19-26	0	0	0	0	0	0	0	0	0	0	0	0	0	0	0	0	0	0	0	0
pos_19-27	0	0	0	0	0	0	0	0	0	0	0	0	0	0	0	0	0	0	0	0
pos_20-0	0	0	0	0	0	0	0	0	0	0	0	0	0	0	0	0	0	0	0	0
pos_20-1	0	0	0	0	0	0	0	0	0	0	0	0	0	0	0	0	0	0	0	0
pos_20-2	0	0	0	0	0	0	0	0	0	0	0	0	0	0	0	0	0	0	0	0
pos_20-3	0	0	0	0	0	0	0	0	0	0	0	0	0	0	0	0	0	0	0	0
pos_20-4	0	0	0	0	0	0	0	0	0	0	137	0	0	0	0	0	0	0	0	0
pos_20-5	0	0	0	0	0	0	0	247	0	0	252	0	0	0	0	0	0	0	0	0
pos_20-6	0	0	156	125	0	0	0	246	0	0	234	0	0	3	0	0	0	0	0	0
pos_20-7	96	0	253	253	0	0	198	253	0	0	184	0	0	18	0	134	0	0	0	0
pos_20-8	254	0	253	253	0	0	255	253	0	0	80	254	0	18	0	252	0	0	64	0
pos_20-9	254	0	144	253	14	0	255	253	255	0	70	235	0	18	0	252	0	0	237	0
pos_20-10	230	129	0	142	115	0	255	253	255	0	91	133	0	18	0	252	0	0	254	0
pos_20-11	254	253	0	0	242	64	255	246	255	0	184	253	57	117	0	252	0	0	254	0
pos_20-12	221	77	0	0	253	222	198	213	255	0	240	254	252	253	0	252	0	0	254	0
pos_20-13	214	0	47	0	253	254	141	129	255	12	252	253	252	247	0	252	0	236	250	100
pos_20-14	254	0	109	8	149	139	29	29	170	223	215	253	140	53	0	252	0	254	115	253
pos_20-15	254	0	212	27	26	0	0	0	114	233	183	217	0	0	61	253	161	192	16	193
pos_20-16	217	0	253	124	0	0	0	0	0	40	100	36	0	0	254	252	253	0	0	0
pos_20-17	28	165	255	176	0	0	0	0	0	0	69	0	0	89	205	240	242	0	0	0
pos_20-18	0	253	159	253	0	0	0	0	0	0	69	0	0	248	9	79	38	0	0	0
pos_20-19	0	79	41	253	0	0	0	0	0	0	32	0	0	238	0	0	0	0	0	0
pos_20-20	0	0	0	91	0	0	0	0	0	0	0	0	0	20	0	0	0	0	0	0
pos_20-21	0	0	0	0	0	0	0	0	0	0	0	0	0	0	0	0	0	0	0	0
pos_20-22	0	0	0	0	0	0	0	0	0	0	0	0	0	0	0	0	0	0	0	0
pos_20-23	0	0	0	0	0	0	0	0	0	0	0	0	0	0	0	0	0	0	0	0
pos_20-24	0	0	0	0	0	0	0	0	0	0	0	0	0	0	0	0	0	0	0	0
pos_20-25	0	0	0	0	0	0	0	0	0	0	0	0	0	0	0	0	0	0	0	0
pos_20-26	0	0	0	0	0	0	0	0	0	0	0	0	0	0	0	0	0	0	0	0
pos_20-27	0	0	0	0	0	0	0	0	0	0	0	0	0	0	0	0	0	0	0	0
pos_21-0	0	0	0	0	0	0	0	0	0	0	0	0	0	0	0	0	0	0	0	0
pos_21-1	0	0	0	0	0	0	0	0	0	0	0	0	0	0	0	0	0	0	0	0
pos_21-2	0	0	0	0	0	0	0	0	0	0	0	0	0	0	0	0	0	0	0	0
pos_21-3	0	0	0	0	0	0	0	0	0	0	0	0	0	0	0	0	0	0	0	0
pos_21-4	0	0	0	0	0	0	0	0	0	0	15	0	0	0	0	0	0	0	0	0
pos_21-5	0	0	0	0	0	0	0	47	0	0	219	0	0	0	0	0	0	0	0	0
pos_21-6	0	0	10	51	0	0	0	47	0	0	252	0	0	0	0	10	0	0	0	0
pos_21-7	10	0	149	240	0	0	0	75	0	0	252	0	0	0	0	193	0	0	0	0
pos_21-8	167	0	252	253	13	0	57	103	0	0	252	181	0	0	0	252	0	0	0	0
pos_21-9	254	0	237	253	183	0	57	168	29	0	253	253	0	0	0	183	0	0	63	0
pos_21-10	254	129	217	43	253	30	29	92	170	0	252	145	0	0	0	183	0	0	243	0
pos_21-11	254	253	217	67	253	212	0	50	170	0	252	116	44	6	0	252	0	0	234	0
pos_21-12	254	14	217	150	253	253	0	0	255	0	252	175	233	194	0	252	0	40	146	0
pos_21-13	254	0	233	150	198	188	0	0	86	101	168	138	252	253	0	252	0	254	44	149
pos_21-14	254	0	252	179	8	4	0	0	0	254	21	97	166	231	0	252	0	251	0	253
pos_21-15	217	0	252	253	0	0	0	0	0	129	0	13	6	133	153	249	195	97	0	124
pos_21-16	86	0	128	253	0	0	0	0	0	0	0	0	0	140	254	144	253	0	0	0
pos_21-17	0	45	35	253	0	0	0	0	0	0	0	0	0	245	184	31	246	0	0	0
pos_21-18	0	253	5	253	0	0	0	0	0	0	0	0	0	253	0	0	50	0	0	0
pos_21-19	0	199	0	230	0	0	0	0	0	0	0	0	0	123	0	0	0	0	0	0
pos_21-20	0	0	0	37	0	0	0	0	0	0	0	0	0	0	0	0	0	0	0	0
pos_21-21	0	0	0	0	0	0	0	0	0	0	0	0	0	0	0	0	0	0	0	0
pos_21-22	0	0	0	0	0	0	0	0	0	0	0	0	0	0	0	0	0	0	0	0
pos_21-23	0	0	0	0	0	0	0	0	0	0	0	0	0	0	0	0	0	0	0	0
pos_21-24	0	0	0	0	0	0	0	0	0	0	0	0	0	0	0	0	0	0	0	0
pos_21-25	0	0	0	0	0	0	0	0	0	0	0	0	0	0	0	0	0	0	0	0
pos_21-26	0	0	0	0	0	0	0	0	0	0	0	0	0	0	0	0	0	0	0	0
pos_21-27	0	0	0	0	0	0	0	0	0	0	0	0	0	0	0	0	0	0	0	0
pos_22-0	0	0	0	0	0	0	0	0	0	0	0	0	0	0	0	0	0	0	0	0
pos_22-1	0	0	0	0	0	0	0	0	0	0	0	0	0	0	0	0	0	0	0	0
pos_22-2	0	0	0	0	0	0	0	0	0	0	0	0	0	0	0	0	0	0	0	0
pos_22-3	0	0	0	0	0	0	0	0	0	0	0	0	0	0	0	0	0	0	0	0
pos_22-4	0	0	0	0	0	0	0	0	0	0	0	0	0	0	0	0	0	0	0	0
pos_22-5	0	0	0	0	0	0	0	0	0	0	15	0	0	0	0	0	0	0	0	0
pos_22-6	0	0	0	0	0	0	0	0	0	0	137	0	0	0	0	14	0	0	0	0
pos_22-7	0	0	32	51	11	0	0	0	0	0	252	0	0	0	0	211	0	0	0	0
pos_22-8	6	0	215	240	184	0	0	0	0	0	252	0	0	0	0	252	0	0	0	0
pos_22-9	67	0	252	253	253	0	0	0	0	0	253	0	0	0	0	72	0	0	0	0
pos_22-10	194	113	252	253	253	138	0	0	0	0	231	0	0	0	0	7	0	0	0	0
pos_22-11	254	244	252	253	253	253	0	0	0	0	137	0	0	0	0	23	0	0	0	0
pos_22-12	254	81	252	253	253	219	0	0	226	18	43	0	153	69	0	23	0	140	0	0
pos_22-13	227	0	253	253	191	59	0	0	29	202	2	0	252	248	0	81	0	254	0	163
pos_22-14	100	0	241	253	0	0	0	0	0	233	0	0	253	254	0	23	0	221	0	253
pos_22-15	11	0	112	253	0	0	0	0	0	33	0	0	106	253	160	22	195	0	0	82
pos_22-16	0	0	31	253	0	0	0	0	0	0	0	0	0	253	254	0	254	0	0	0
pos_22-17	0	69	0	253	0	0	0	0	0	0	0	0	0	251	184	0	254	0	0	0
pos_22-18	0	253	0	253	0	0	0	0	0	0	0	0	0	169	0	0	69	0	0	0
pos_22-19	0	228	0	234	0	0	0	0	0	0	0	0	0	0	0	0	0	0	0	0
pos_22-20	0	0	0	47	0	0	0	0	0	0	0	0	0	0	0	0	0	0	0	0
pos_22-21	0	0	0	0	0	0	0	0	0	0	0	0	0	0	0	0	0	0	0	0
pos_22-22	0	0	0	0	0	0	0	0	0	0	0	0	0	0	0	0	0	0	0	0
pos_22-23	0	0	0	0	0	0	0	0	0	0	0	0	0	0	0	0	0	0	0	0
pos_22-24	0	0	0	0	0	0	0	0	0	0	0	0	0	0	0	0	0	0	0	0
pos_22-25	0	0	0	0	0	0	0	0	0	0	0	0	0	0	0	0	0	0	0	0
pos_22-26	0	0	0	0	0	0	0	0	0	0	0	0	0	0	0	0	0	0	0	0
pos_22-27	0	0	0	0	0	0	0	0	0	0	0	0	0	0	0	0	0	0	0	0
pos_23-0	0	0	0	0	0	0	0	0	0	0	0	0	0	0	0	0	0	0	0	0
pos_23-1	0	0	0	0	0	0	0	0	0	0	0	0	0	0	0	0	0	0	0	0
pos_23-2	0	0	0	0	0	0	0	0	0	0	0	0	0	0	0	0	0	0	0	0
pos_23-3	0	0	0	0	0	0	0	0	0	0	0	0	0	0	0	0	0	0	0	0
pos_23-4	0	0	0	0	0	0	0	0	0	0	0	0	0	0	0	0	0	0	0	0
pos_23-5	0	0	0	0	0	0	0	0	0	0	0	0	0	0	0	0	0	0	0	0
pos_23-6	0	0	0	0	9	0	0	0	0	0	0	0	0	0	0	0	0	0	0	0
pos_23-7	0	0	0	0	186	0	0	0	0	0	0	0	0	0	0	42	0	0	0	0
pos_23-8	0	0	1	51	253	0	0	0	0	0	0	0	0	0	0	252	0	0	0	0
pos_23-9	0	0	169	243	253	70	0	0	0	0	0	0	0	0	0	244	0	0	0	0
pos_23-10	0	0	252	253	253	245	0	0	0	0	0	0	0	0	0	115	0	0	0	0
pos_23-11	0	149	252	253	253	254	0	0	0	2	0	0	0	0	0	0	0	0	0	0
pos_23-12	0	243	168	253	229	103	0	0	0	139	0	0	29	0	0	0	0	246	0	0
pos_23-13	0	189	108	251	47	0	0	0	0	254	0	0	252	52	0	0	0	255	0	249
pos_23-14	0	92	77	252	0	0	0	0	0	116	0	0	190	221	0	0	0	111	0	248
pos_23-15	0	90	0	253	0	0	0	0	0	0	0	0	12	253	160	0	144	0	0	0
pos_23-16	0	152	0	221	0	0	0	0	0	0	0	0	0	207	254	0	253	0	0	0
pos_23-17	0	218	0	210	0	0	0	0	0	0	0	0	0	119	166	0	253	0	0	0
pos_23-18	0	253	0	247	0	0	0	0	0	0	0	0	0	0	0	0	69	0	0	0
pos_23-19	0	154	0	208	0	0	0	0	0	0	0	0	0	0	0	0	0	0	0	0
pos_23-20	0	0	0	0	0	0	0	0	0	0	0	0	0	0	0	0	0	0	0	0
pos_23-21	0	0	0	0	0	0	0	0	0	0	0	0	0	0	0	0	0	0	0	0
pos_23-22	0	0	0	0	0	0	0	0	0	0	0	0	0	0	0	0	0	0	0	0
pos_23-23	0	0	0	0	0	0	0	0	0	0	0	0	0	0	0	0	0	0	0	0
pos_23-24	0	0	0	0	0	0	0	0	0	0	0	0	0	0	0	0	0	0	0	0
pos_23-25	0	0	0	0	0	0	0	0	0	0	0	0	0	0	0	0	0	0	0	0
pos_23-26	0	0	0	0	0	0	0	0	0	0	0	0	0	0	0	0	0	0	0	0
pos_23-27	0	0	0	0	0	0	0	0	0	0	0	0	0	0	0	0	0	0	0	0
pos_24-0	0	0	0	0	0	0	0	0	0	0	0	0	0	0	0	0	0	0	0	0
pos_24-1	0	0	0	0	0	0	0	0	0	0	0	0	0	0	0	0	0	0	0	0
pos_24-2	0	0	0	0	0	0	0	0	0	0	0	0	0	0	0	0	0	0	0	0
pos_24-3	0	0	0	0	0	0	0	0	0	0	0	0	0	0	0	0	0	0	0	0
pos_24-4	0	0	0	0	0	0	0	0	0	0	0	0	0	0	0	0	0	0	0	0
pos_24-5	0	0	0	0	0	0	0	0	0	0	0	0	0	0	0	0	0	0	0	0
pos_24-6	0	0	0	0	10	0	0	0	0	0	0	0	0	0	0	0	0	0	0	0
pos_24-7	0	0	0	0	205	0	0	0	0	0	0	0	0	0	0	0	0	0	0	0
pos_24-8	0	0	0	0	253	17	0	0	0	0	0	0	0	0	0	0	0	0	0	0
pos_24-9	0	0	0	115	253	212	0	0	0	0	0	0	0	0	0	0	0	0	0	0
pos_24-10	0	0	0	123	253	253	0	0	0	0	0	0	0	0	0	0	0	0	0	0
pos_24-11	0	37	0	123	148	181	0	0	0	122	0	0	0	0	0	0	0	20	0	0
pos_24-12	0	228	0	190	9	6	0	0	0	247	0	0	0	0	0	0	0	248	0	0
pos_24-13	0	254	0	85	0	0	0	0	0	159	0	0	0	0	0	0	0	250	0	249
pos_24-14	0	253	0	99	0	0	0	0	0	5	0	0	0	0	0	0	0	31	0	152
pos_24-15	0	253	0	123	0	0	0	0	0	0	0	0	0	0	58	0	104	0	0	0
pos_24-16	0	253	0	95	0	0	0	0	0	0	0	0	0	0	188	0	253	0	0	0
pos_24-17	0	253	0	0	0	0	0	0	0	0	0	0	0	0	18	0	234	0	0	0
pos_24-18	0	196	0	0	0	0	0	0	0	0	0	0	0	0	0	0	38	0	0	0
pos_24-19	0	16	0	0	0	0	0	0	0	0	0	0	0	0	0	0	0	0	0	0
pos_24-20	0	0	0	0	0	0	0	0	0	0	0	0	0	0	0	0	0	0	0	0
pos_24-21	0	0	0	0	0	0	0	0	0	0	0	0	0	0	0	0	0	0	0	0
pos_24-22	0	0	0	0	0	0	0	0	0	0	0	0	0	0	0	0	0	0	0	0
pos_24-23	0	0	0	0	0	0	0	0	0	0	0	0	0	0	0	0	0	0	0	0
pos_24-24	0	0	0	0	0	0	0	0	0	0	0	0	0	0	0	0	0	0	0	0
pos_24-25	0	0	0	0	0	0	0	0	0	0	0	0	0	0	0	0	0	0	0	0
pos_24-26	0	0	0	0	0	0	0	0	0	0	0	0	0	0	0	0	0	0	0	0
pos_24-27	0	0	0	0	0	0	0	0	0	0	0	0	0	0	0	0	0	0	0	0
pos_25-0	0	0	0	0	0	0	0	0	0	0	0	0	0	0	0	0	0	0	0	0
pos_25-1	0	0	0	0	0	0	0	0	0	0	0	0	0	0	0	0	0	0	0	0
pos_25-2	0	0	0	0	0	0	0	0	0	0	0	0	0	0	0	0	0	0	0	0
pos_25-3	0	0	0	0	0	0	0	0	0	0	0	0	0	0	0	0	0	0	0	0
pos_25-4	0	0	0	0	0	0	0	0	0	0	0	0	0	0	0	0	0	0	0	0
pos_25-5	0	0	0	0	0	0	0	0	0	0	0	0	0	0	0	0	0	0	0	0
pos_25-6	0	0	0	0	0	0	0	0	0	0	0	0	0	0	0	0	0	0	0	0
pos_25-7	0	0	0	0	16	0	0	0	0	0	0	0	0	0	0	0	0	0	0	0
pos_25-8	0	0	0	0	205	168	0	0	0	0	0	0	0	0	0	0	0	0	0	0
pos_25-9	0	0	0	0	253	254	0	0	0	0	0	0	0	0	0	0	0	0	0	0
pos_25-10	0	0	0	0	90	223	0	0	0	0	0	0	0	0	0	0	0	0	0	0
pos_25-11	0	0	0	0	2	42	0	0	0	195	0	0	0	0	0	0	0	75	0	0
pos_25-12	0	30	0	0	0	0	0	0	0	213	0	0	0	0	0	0	0	254	0	0
pos_25-13	0	130	0	0	0	0	0	0	0	3	0	0	0	0	0	0	0	246	0	249
pos_25-14	0	153	0	0	0	0	0	0	0	0	0	0	0	0	0	0	0	0	0	148
pos_25-15	0	155	0	0	0	0	0	0	0	0	0	0	0	0	0	0	19	0	0	0
pos_25-16	0	191	0	0	0	0	0	0	0	0	0	0	0	0	0	0	203	0	0	0
pos_25-17	0	70	0	0	0	0	0	0	0	0	0	0	0	0	0	0	71	0	0	0
pos_25-18	0	18	0	0	0	0	0	0	0	0	0	0	0	0	0	0	0	0	0	0
pos_25-19	0	0	0	0	0	0	0	0	0	0	0	0	0	0	0	0	0	0	0	0
pos_25-20	0	0	0	0	0	0	0	0	0	0	0	0	0	0	0	0	0	0	0	0
pos_25-21	0	0	0	0	0	0	0	0	0	0	0	0	0	0	0	0	0	0	0	0
pos_25-22	0	0	0	0	0	0	0	0	0	0	0	0	0	0	0	0	0	0	0	0
pos_25-23	0	0	0	0	0	0	0	0	0	0	0	0	0	0	0	0	0	0	0	0
pos_25-24	0	0	0	0	0	0	0	0	0	0	0	0	0	0	0	0	0	0	0	0
pos_25-25	0	0	0	0	0	0	0	0	0	0	0	0	0	0	0	0	0	0	0	0
pos_25-26	0	0	0	0	0	0	0	0	0	0	0	0	0	0	0	0	0	0	0	0
pos_25-27	0	0	0	0	0	0	0	0	0	0	0	0	0	0	0	0	0	0	0	0
pos_26-0	0	0	0	0	0	0	0	0	0	0	0	0	0	0	0	0	0	0	0	0
pos_26-1	0	0	0	0	0	0	0	0	0	0	0	0	0	0	0	0	0	0	0	0
pos_26-2	0	0	0	0	0	0	0	0	0	0	0	0	0	0	0	0	0	0	0	0
pos_26-3	0	0	0	0	0	0	0	0	0	0	0	0	0	0	0	0	0	0	0	0
pos_26-4	0	0	0	0	0	0	0	0	0	0	0	0	0	0	0	0	0	0	0	0
pos_26-5	0	0	0	0	0	0	0	0	0	0	0	0	0	0	0	0	0	0	0	0
pos_26-6	0	0	0	0	0	0	0	0	0	0	0	0	0	0	0	0	0	0	0	0
pos_26-7	0	0	0	0	0	0	0	0	0	0	0	0	0	0	0	0	0	0	0	0
pos_26-8	0	0	0	0	0	184	0	0	0	0	0	0	0	0	0	0	0	0	0	0
pos_26-9	0	0	0	0	0	254	0	0	0	0	0	0	0	0	0	0	0	0	0	0
pos_26-10	0	0	0	0	0	81	0	0	0	0	0	0	0	0	0	0	0	0	0	0
pos_26-11	0	0	0	0	0	0	0	0	0	0	0	0	0	0	0	0	0	180	0	0
pos_26-12	0	0	0	0	0	0	0	0	0	0	0	0	0	0	0	0	0	254	0	0
pos_26-13	0	0	0	0	0	0	0	0	0	0	0	0	0	0	0	0	0	220	0	0
pos_26-14	0	0	0	0	0	0	0	0	0	0	0	0	0	0	0	0	0	0	0	0
pos_26-15	0	0	0	0	0	0	0	0	0	0	0	0	0	0	0	0	0	0	0	0
pos_26-16	0	0	0	0	0	0	0	0	0	0	0	0	0	0	0	0	0	0	0	0
pos_26-17	0	0	0	0	0	0	0	0	0	0	0	0	0	0	0	0	0	0	0	0
pos_26-18	0	0	0	0	0	0	0	0	0	0	0	0	0	0	0	0	0	0	0	0
pos_26-19	0	0	0	0	0	0	0	0	0	0	0	0	0	0	0	0	0	0	0	0
pos_26-20	0	0	0	0	0	0	0	0	0	0	0	0	0	0	0	0	0	0	0	0
pos_26-21	0	0	0	0	0	0	0	0	0	0	0	0	0	0	0	0	0	0	0	0
pos_26-22	0	0	0	0	0	0	0	0	0	0	0	0	0	0	0	0	0	0	0	0
pos_26-23	0	0	0	0	0	0	0	0	0	0	0	0	0	0	0	0	0	0	0	0
pos_26-24	0	0	0	0	0	0	0	0	0	0	0	0	0	0	0	0	0	0	0	0
pos_26-25	0	0	0	0	0	0	0	0	0	0	0	0	0	0	0	0	0	0	0	0
pos_26-26	0	0	0	0	0	0	0	0	0	0	0	0	0	0	0	0	0	0	0	0
pos_26-27	0	0	0	0	0	0	0	0	0	0	0	0	0	0	0	0	0	0	0	0
pos_27-0	0	0	0	0	0	0	0	0	0	0	0	0	0	0	0	0	0	0	0	0
pos_27-1	0	0	0	0	0	0	0	0	0	0	0	0	0	0	0	0	0	0	0	0
pos_27-2	0	0	0	0	0	0	0	0	0	0	0	0	0	0	0	0	0	0	0	0
pos_27-3	0	0	0	0	0	0	0	0	0	0	0	0	0	0	0	0	0	0	0	0
pos_27-4	0	0	0	0	0	0	0	0	0	0	0	0	0	0	0	0	0	0	0	0
pos_27-5	0	0	0	0	0	0	0	0	0	0	0	0	0	0	0	0	0	0	0	0
pos_27-6	0	0	0	0	0	0	0	0	0	0	0	0	0	0	0	0	0	0	0	0
pos_27-7	0	0	0	0	0	0	0	0	0	0	0	0	0	0	0	0	0	0	0	0
pos_27-8	0	0	0	0	0	0	0	0	0	0	0	0	0	0	0	0	0	0	0	0
pos_27-9	0	0	0	0	0	0	0	0	0	0	0	0	0	0	0	0	0	0	0	0
pos_27-10	0	0	0	0	0	0	0	0	0	0	0	0	0	0	0	0	0	0	0	0
pos_27-11	0	0	0	0	0	0	0	0	0	0	0	0	0	0	0	0	0	0	0	0
pos_27-12	0	0	0	0	0	0	0	0	0	0	0	0	0	0	0	0	0	0	0	0
pos_27-13	0	0	0	0	0	0	0	0	0	0	0	0	0	0	0	0	0	0	0	0
pos_27-14	0	0	0	0	0	0	0	0	0	0	0	0	0	0	0	0	0	0	0	0
pos_27-15	0	0	0	0	0	0	0	0	0	0	0	0	0	0	0	0	0	0	0	0
pos_27-16	0	0	0	0	0	0	0	0	0	0	0	0	0	0	0	0	0	0	0	0
pos_27-17	0	0	0	0	0	0	0	0	0	0	0	0	0	0	0	0	0	0	0	0
pos_27-18	0	0	0	0	0	0	0	0	0	0	0	0	0	0	0	0	0	0	0	0
pos_27-19	0	0	0	0	0	0	0	0	0	0	0	0	0	0	0	0	0	0	0	0
pos_27-20	0	0	0	0	0	0	0	0	0	0	0	0	0	0	0	0	0	0	0	0
pos_27-21	0	0	0	0	0	0	0	0	0	0	0	0	0	0	0	0	0	0	0	0
pos_27-22	0	0	0	0	0	0	0	0	0	0	0	0	0	0	0	0	0	0	0	0
pos_27-23	0	0	0	0	0	0	0	0	0	0	0	0	0	0	0	0	0	0	0	0
pos_27-24	0	0	0	0	0	0	0	0	0	0	0	0	0	0	0	0	0	0	0	0
pos_27-25	0	0	0	0	0	0	0	0	0	0	0	0	0	0	0	0	0	0	0	0
pos_27-26	0	0	0	0	0	0	0	0	0	0	0	0	0	0	0	0	0	0	0	0
pos_27-27	0	0	0	0	0	0	0	0	0	0	0	0	0	0	0	0	0	0	0	0
