	('Numbers: Five-5988', 'Digit: Five')	('Numbers: Five-573', 'Digit: Five')	('Numbers: Six-5766', 'Digit: Six')	('Numbers: Eight-5687', 'Digit: Eight')	('Numbers: Zero-6374', 'Digit: Zero')	('Numbers: Six-4535', 'Digit: Six')	('Numbers: Nine-1353', 'Digit: Nine')	('Numbers: Three-4063', 'Digit: Three')	('Numbers: Two-2242', 'Digit: Two')	('Numbers: Six-4742', 'Digit: Six')	('Numbers: Six-4597', 'Digit: Six')	('Numbers: Six-3897', 'Digit: Six')	('Numbers: Three-6513', 'Digit: Three')	('Numbers: Seven-5026', 'Digit: Seven')	('Numbers: Four-6277', 'Digit: Four')	('Numbers: Four-307', 'Digit: Four')	('Numbers: Zero-2589', 'Digit: Zero')	('Numbers: Six-1819', 'Digit: Six')	('Numbers: One-2216', 'Digit: One')	('Numbers: Six-4625', 'Digit: Six')
pos_0-0	0	0	0	0	0	0	0	0	0	0	0	0	0	0	0	0	0	0	0	0
pos_0-1	0	0	0	0	0	0	0	0	0	0	0	0	0	0	0	0	0	0	0	0
pos_0-2	0	0	0	0	0	0	0	0	0	0	0	0	0	0	0	0	0	0	0	0
pos_0-3	0	0	0	0	0	0	0	0	0	0	0	0	0	0	0	0	0	0	0	0
pos_0-4	0	0	0	0	0	0	0	0	0	0	0	0	0	0	0	0	0	0	0	0
pos_0-5	0	0	0	0	0	0	0	0	0	0	0	0	0	0	0	0	0	0	0	0
pos_0-6	0	0	0	0	0	0	0	0	0	0	0	0	0	0	0	0	0	0	0	0
pos_0-7	0	0	0	0	0	0	0	0	0	0	0	0	0	0	0	0	0	0	0	0
pos_0-8	0	0	0	0	0	0	0	0	0	0	0	0	0	0	0	0	0	0	0	0
pos_0-9	0	0	0	0	0	0	0	0	0	0	0	0	0	0	0	0	0	0	0	0
pos_0-10	0	0	0	0	0	0	0	0	0	0	0	0	0	0	0	0	0	0	0	0
pos_0-11	0	0	0	0	0	0	0	0	0	0	0	0	0	0	0	0	0	0	0	0
pos_0-12	0	0	0	0	0	0	0	0	0	0	0	0	0	0	0	0	0	0	0	0
pos_0-13	0	0	0	0	0	0	0	0	0	0	0	0	0	0	0	0	0	0	0	0
pos_0-14	0	0	0	0	0	0	0	0	0	0	0	0	0	0	0	0	0	0	0	0
pos_0-15	0	0	0	0	0	0	0	0	0	0	0	0	0	0	0	0	0	0	0	0
pos_0-16	0	0	0	0	0	0	0	0	0	0	0	0	0	0	0	0	0	0	0	0
pos_0-17	0	0	0	0	0	0	0	0	0	0	0	0	0	0	0	0	0	0	0	0
pos_0-18	0	0	0	0	0	0	0	0	0	0	0	0	0	0	0	0	0	0	0	0
pos_0-19	0	0	0	0	0	0	0	0	0	0	0	0	0	0	0	0	0	0	0	0
pos_0-20	0	0	0	0	0	0	0	0	0	0	0	0	0	0	0	0	0	0	0	0
pos_0-21	0	0	0	0	0	0	0	0	0	0	0	0	0	0	0	0	0	0	0	0
pos_0-22	0	0	0	0	0	0	0	0	0	0	0	0	0	0	0	0	0	0	0	0
pos_0-23	0	0	0	0	0	0	0	0	0	0	0	0	0	0	0	0	0	0	0	0
pos_0-24	0	0	0	0	0	0	0	0	0	0	0	0	0	0	0	0	0	0	0	0
pos_0-25	0	0	0	0	0	0	0	0	0	0	0	0	0	0	0	0	0	0	0	0
pos_0-26	0	0	0	0	0	0	0	0	0	0	0	0	0	0	0	0	0	0	0	0
pos_0-27	0	0	0	0	0	0	0	0	0	0	0	0	0	0	0	0	0	0	0	0
pos_1-0	0	0	0	0	0	0	0	0	0	0	0	0	0	0	0	0	0	0	0	0
pos_1-1	0	0	0	0	0	0	0	0	0	0	0	0	0	0	0	0	0	0	0	0
pos_1-2	0	0	0	0	0	0	0	0	0	0	0	0	0	0	0	0	0	0	0	0
pos_1-3	0	0	0	0	0	0	0	0	0	0	0	0	0	0	0	0	0	0	0	0
pos_1-4	0	0	0	0	0	0	0	0	0	0	0	0	0	0	0	0	0	0	0	0
pos_1-5	0	0	0	0	0	0	0	0	0	0	0	0	0	0	0	0	0	0	0	0
pos_1-6	0	0	0	0	0	0	0	0	0	0	0	0	0	0	0	0	0	0	0	0
pos_1-7	0	0	0	0	0	0	0	0	0	0	0	0	0	0	0	0	0	0	0	0
pos_1-8	0	0	0	0	0	0	0	0	0	0	0	0	0	0	0	0	0	0	0	0
pos_1-9	0	0	0	0	0	0	0	0	0	0	0	0	0	0	0	0	0	0	0	0
pos_1-10	0	0	0	0	0	0	0	0	0	0	0	0	0	0	0	0	0	0	0	0
pos_1-11	0	0	0	0	0	0	0	0	0	0	0	0	0	0	0	0	0	0	0	0
pos_1-12	0	0	0	0	0	0	0	0	0	0	0	0	0	0	0	0	0	0	0	0
pos_1-13	0	0	0	0	0	0	0	0	0	0	0	0	0	0	0	0	0	0	0	0
pos_1-14	0	0	0	0	0	0	0	0	0	0	0	0	0	0	0	0	0	0	0	0
pos_1-15	0	0	0	0	0	0	0	0	0	0	0	0	0	0	0	0	0	0	0	0
pos_1-16	0	0	0	0	0	0	0	0	0	0	0	0	0	0	0	0	0	0	0	0
pos_1-17	0	0	0	0	0	0	0	0	0	0	0	0	0	0	0	0	0	0	0	0
pos_1-18	0	0	0	0	0	0	0	0	0	0	0	0	0	0	0	0	0	0	0	0
pos_1-19	0	0	0	0	0	0	0	0	0	0	0	0	0	0	0	0	0	0	0	0
pos_1-20	0	0	0	0	0	0	0	0	0	0	0	0	0	0	0	0	0	0	0	0
pos_1-21	0	0	0	0	0	0	0	0	0	0	0	0	0	0	0	0	0	0	0	0
pos_1-22	0	0	0	0	0	0	0	0	0	0	0	0	0	0	0	0	0	0	0	0
pos_1-23	0	0	0	0	0	0	0	0	0	0	0	0	0	0	0	0	0	0	0	0
pos_1-24	0	0	0	0	0	0	0	0	0	0	0	0	0	0	0	0	0	0	0	0
pos_1-25	0	0	0	0	0	0	0	0	0	0	0	0	0	0	0	0	0	0	0	0
pos_1-26	0	0	0	0	0	0	0	0	0	0	0	0	0	0	0	0	0	0	0	0
pos_1-27	0	0	0	0	0	0	0	0	0	0	0	0	0	0	0	0	0	0	0	0
pos_2-0	0	0	0	0	0	0	0	0	0	0	0	0	0	0	0	0	0	0	0	0
pos_2-1	0	0	0	0	0	0	0	0	0	0	0	0	0	0	0	0	0	0	0	0
pos_2-2	0	0	0	0	0	0	0	0	0	0	0	0	0	0	0	0	0	0	0	0
pos_2-3	0	0	0	0	0	0	0	0	0	0	0	0	0	0	0	0	0	0	0	0
pos_2-4	0	0	0	0	0	0	0	0	0	0	0	0	0	0	0	0	0	0	0	0
pos_2-5	0	0	0	0	0	0	0	0	0	0	0	0	0	0	0	0	0	0	0	0
pos_2-6	0	0	0	0	0	0	0	0	0	0	0	0	0	0	0	0	0	0	0	0
pos_2-7	0	0	0	0	0	0	0	0	0	0	0	0	0	0	0	0	0	0	0	0
pos_2-8	0	0	0	0	0	0	0	0	0	0	0	0	0	0	0	0	0	0	0	0
pos_2-9	0	0	0	0	0	0	0	0	0	0	0	0	0	0	0	0	0	0	0	0
pos_2-10	0	0	0	0	0	0	0	0	0	0	0	0	0	0	0	0	0	0	0	0
pos_2-11	0	0	0	0	0	0	0	0	0	0	0	0	0	0	0	0	0	0	0	0
pos_2-12	0	0	0	0	0	0	0	0	0	0	0	15	0	0	0	0	0	0	0	0
pos_2-13	0	0	0	0	0	0	0	0	0	0	0	189	0	0	0	0	0	0	0	0
pos_2-14	0	0	0	0	0	0	0	0	0	0	0	137	0	0	0	0	0	0	0	0
pos_2-15	0	0	102	0	0	0	0	0	0	0	0	110	0	0	0	0	0	0	0	0
pos_2-16	0	0	254	0	0	0	0	0	0	0	0	5	0	0	0	0	0	0	0	0
pos_2-17	0	0	71	0	0	0	0	0	0	25	0	0	0	0	0	0	0	0	0	0
pos_2-18	0	0	0	0	0	0	0	0	0	156	0	0	0	0	0	0	0	0	0	0
pos_2-19	0	0	0	0	0	0	0	0	0	254	0	0	0	0	0	0	0	0	0	0
pos_2-20	0	0	0	0	0	0	0	0	0	124	0	0	0	0	0	0	0	0	0	0
pos_2-21	0	0	0	0	0	0	0	0	0	0	13	0	0	0	0	0	0	0	0	0
pos_2-22	0	0	0	0	0	0	0	0	0	0	187	0	0	0	0	0	0	0	0	0
pos_2-23	0	0	0	0	0	0	0	0	0	0	239	0	0	0	0	0	0	0	0	0
pos_2-24	0	0	0	0	0	0	0	0	0	0	36	0	0	0	0	0	0	0	0	0
pos_2-25	0	0	0	0	0	0	0	0	0	0	0	0	0	0	0	0	0	0	0	0
pos_2-26	0	0	0	0	0	0	0	0	0	0	0	0	0	0	0	0	0	0	0	0
pos_2-27	0	0	0	0	0	0	0	0	0	0	0	0	0	0	0	0	0	0	0	0
pos_3-0	0	0	0	0	0	0	0	0	0	0	0	0	0	0	0	0	0	0	0	0
pos_3-1	0	0	0	0	0	0	0	0	0	0	0	0	0	0	0	0	0	0	0	0
pos_3-2	0	0	0	0	0	0	0	0	0	0	0	0	0	0	0	0	0	0	0	0
pos_3-3	0	0	0	0	0	0	0	0	0	0	0	0	0	0	0	0	0	0	0	0
pos_3-4	0	0	0	0	0	0	0	0	0	0	0	0	0	0	0	0	0	0	0	0
pos_3-5	0	0	0	0	0	0	0	0	0	0	0	0	0	0	0	0	0	0	0	0
pos_3-6	0	0	0	0	0	0	0	0	0	0	0	0	0	0	0	0	0	0	0	0
pos_3-7	0	0	0	0	0	0	0	0	0	0	0	0	0	0	0	0	0	0	0	0
pos_3-8	0	0	0	0	0	0	0	0	0	0	0	0	0	0	0	0	0	0	0	0
pos_3-9	0	0	0	0	0	0	0	0	0	0	0	0	0	0	0	0	0	0	0	62
pos_3-10	0	0	0	0	0	0	0	0	0	0	0	0	0	0	0	0	0	0	0	254
pos_3-11	0	0	0	0	0	0	0	0	0	0	0	16	0	0	0	0	0	0	0	174
pos_3-12	0	0	0	0	0	0	0	0	0	0	0	199	78	0	0	0	0	0	0	12
pos_3-13	0	0	0	0	0	0	0	0	0	0	0	254	255	0	0	0	0	0	0	0
pos_3-14	0	0	62	0	0	0	0	0	0	0	0	254	231	0	0	0	0	0	0	0
pos_3-15	0	0	162	0	0	47	0	0	0	0	0	254	146	0	0	0	0	0	0	0
pos_3-16	0	0	253	0	0	233	0	0	0	84	0	130	40	0	0	0	0	0	0	0
pos_3-17	0	0	70	0	0	253	0	0	0	212	0	0	0	0	0	0	0	3	0	0
pos_3-18	0	0	0	0	0	170	0	0	0	253	0	0	0	0	0	0	0	58	0	0
pos_3-19	0	0	0	0	0	0	0	0	0	207	8	0	0	0	0	0	0	230	0	0
pos_3-20	0	0	0	0	0	0	0	0	0	78	43	0	0	0	0	0	0	200	0	0
pos_3-21	0	0	0	0	0	0	0	0	0	0	166	0	0	0	0	0	0	56	0	0
pos_3-22	0	0	0	0	0	0	0	0	0	0	247	0	0	0	0	0	0	0	0	0
pos_3-23	0	0	0	0	0	0	0	0	0	0	234	0	0	0	0	0	0	0	0	0
pos_3-24	0	0	0	0	0	0	0	0	0	0	54	0	0	0	0	0	0	0	0	0
pos_3-25	0	0	0	0	0	0	0	0	0	0	0	0	0	0	0	0	0	0	0	0
pos_3-26	0	0	0	0	0	0	0	0	0	0	0	0	0	0	0	0	0	0	0	0
pos_3-27	0	0	0	0	0	0	0	0	0	0	0	0	0	0	0	0	0	0	0	0
pos_4-0	0	0	0	0	0	0	0	0	0	0	0	0	0	0	0	0	0	0	0	0
pos_4-1	0	0	0	0	0	0	0	0	0	0	0	0	0	0	0	0	0	0	0	0
pos_4-2	0	0	0	0	0	0	0	0	0	0	0	0	0	0	0	0	0	0	0	0
pos_4-3	0	0	0	0	0	0	0	0	0	0	0	0	0	0	0	0	0	0	0	0
pos_4-4	0	0	0	0	0	0	0	0	0	0	0	0	0	0	0	0	0	0	0	0
pos_4-5	0	0	0	0	0	0	0	0	0	0	0	0	0	0	0	0	0	0	0	0
pos_4-6	0	0	0	0	0	0	0	0	0	0	0	0	0	0	0	0	0	0	0	0
pos_4-7	0	0	0	0	0	0	0	0	0	0	0	0	0	0	0	0	0	0	0	0
pos_4-8	0	0	0	0	0	0	0	0	0	0	0	0	0	0	0	0	0	0	0	0
pos_4-9	0	0	0	0	0	0	0	0	0	0	0	0	0	0	0	0	0	0	0	106
pos_4-10	0	0	0	0	0	0	0	0	0	0	0	0	0	0	0	0	93	0	0	253
pos_4-11	0	0	0	0	9	0	0	0	0	0	0	132	114	0	0	0	249	0	0	252
pos_4-12	0	0	0	0	85	0	0	0	0	0	0	254	250	0	0	0	126	0	0	100
pos_4-13	20	70	0	0	211	0	0	0	0	0	0	254	254	0	0	0	48	0	0	0
pos_4-14	77	190	173	0	254	0	0	0	0	0	0	254	254	0	0	0	69	0	6	0
pos_4-15	22	255	253	61	254	150	0	0	0	101	0	254	254	0	0	0	151	0	139	0
pos_4-16	0	253	203	148	155	252	0	0	0	212	0	97	239	0	0	0	151	0	114	0
pos_4-17	17	253	0	245	29	241	0	0	0	253	0	0	44	0	0	0	151	80	0	0
pos_4-18	24	103	0	253	9	97	0	0	0	206	73	0	0	0	0	0	54	252	0	0
pos_4-19	77	0	0	253	0	0	0	0	0	28	184	0	0	0	0	0	14	252	0	0
pos_4-20	150	0	0	254	0	0	0	0	0	0	254	0	0	0	0	0	0	252	0	0
pos_4-21	254	0	0	218	0	0	0	0	0	0	210	0	0	0	0	0	0	128	0	0
pos_4-22	254	0	0	12	0	0	0	0	0	0	54	0	0	0	0	0	0	0	0	0
pos_4-23	46	0	0	0	0	0	0	0	0	0	0	0	0	0	0	0	0	0	0	0
pos_4-24	0	0	0	0	0	0	0	0	0	0	0	0	0	0	0	0	0	0	0	0
pos_4-25	0	0	0	0	0	0	0	0	0	0	0	0	0	0	0	0	0	0	0	0
pos_4-26	0	0	0	0	0	0	0	0	0	0	0	0	0	0	0	0	0	0	0	0
pos_4-27	0	0	0	0	0	0	0	0	0	0	0	0	0	0	0	0	0	0	0	0
pos_5-0	0	0	0	0	0	0	0	0	0	0	0	0	0	0	0	0	0	0	0	0
pos_5-1	0	0	0	0	0	0	0	0	0	0	0	0	0	0	0	0	0	0	0	0
pos_5-2	0	0	0	0	0	0	0	0	0	0	0	0	0	0	0	0	0	0	0	0
pos_5-3	0	0	0	0	0	0	0	0	0	0	0	0	0	0	0	0	0	0	0	0
pos_5-4	0	0	0	0	0	0	0	0	0	0	0	0	0	0	0	0	0	0	0	0
pos_5-5	0	0	0	0	0	0	0	0	0	0	0	0	0	0	0	0	0	0	0	0
pos_5-6	0	0	0	0	0	0	0	0	0	0	0	0	0	0	0	0	0	0	0	0
pos_5-7	0	0	0	0	0	0	0	0	0	0	0	0	0	0	0	0	0	0	0	0
pos_5-8	0	0	0	0	0	0	0	0	0	0	0	0	0	0	0	0	0	0	0	0
pos_5-9	0	0	0	0	0	0	0	0	0	0	0	0	0	0	82	0	21	0	0	115
pos_5-10	0	0	0	0	15	0	0	0	0	0	0	26	35	0	224	0	237	0	0	253
pos_5-11	0	0	0	0	198	0	0	109	0	0	0	234	249	0	44	0	254	0	0	252
pos_5-12	13	82	0	0	253	0	0	198	0	0	0	254	189	0	0	0	254	0	0	126
pos_5-13	216	247	41	22	253	6	0	152	0	0	0	254	56	0	0	0	254	0	63	0
pos_5-14	253	252	253	173	228	37	0	61	0	24	0	254	56	0	0	0	254	0	196	0
pos_5-15	246	253	252	253	218	253	0	0	48	254	0	238	232	0	0	0	254	0	246	0
pos_5-16	162	252	81	252	218	252	0	0	0	249	0	43	254	0	0	0	254	83	98	0
pos_5-17	229	252	0	245	234	112	0	0	0	205	58	0	85	0	0	0	254	251	0	0
pos_5-18	253	172	0	168	202	0	0	0	0	68	207	0	0	0	23	0	254	252	0	0
pos_5-19	253	0	0	168	85	0	0	0	0	0	254	0	0	0	68	0	111	252	0	0
pos_5-20	254	0	0	168	13	0	0	0	0	0	245	0	0	0	0	0	0	248	0	0
pos_5-21	253	0	0	168	0	0	0	0	0	0	153	0	0	0	0	0	0	79	0	0
pos_5-22	241	0	0	14	0	0	0	0	0	0	0	0	0	0	0	0	0	0	0	0
pos_5-23	37	0	0	0	0	0	0	0	0	0	0	0	0	0	0	0	0	0	0	0
pos_5-24	0	0	0	0	0	0	0	0	0	0	0	0	0	0	0	0	0	0	0	0
pos_5-25	0	0	0	0	0	0	0	0	0	0	0	0	0	0	0	0	0	0	0	0
pos_5-26	0	0	0	0	0	0	0	0	0	0	0	0	0	0	0	0	0	0	0	0
pos_5-27	0	0	0	0	0	0	0	0	0	0	0	0	0	0	0	0	0	0	0	0
pos_6-0	0	0	0	0	0	0	0	0	0	0	0	0	0	0	0	0	0	0	0	0
pos_6-1	0	0	0	0	0	0	0	0	0	0	0	0	0	0	0	0	0	0	0	0
pos_6-2	0	0	0	0	0	0	0	0	0	0	0	0	0	0	0	0	0	0	0	0
pos_6-3	0	0	0	0	0	0	0	0	0	0	0	0	0	0	0	0	0	0	0	0
pos_6-4	0	0	0	0	0	0	0	0	0	0	0	0	0	0	0	0	0	0	0	0
pos_6-5	0	0	0	0	0	0	0	0	0	0	0	0	0	0	0	0	0	0	0	0
pos_6-6	0	0	0	0	0	0	0	0	0	0	0	0	0	0	0	0	0	0	0	0
pos_6-7	0	0	0	0	0	0	0	0	0	0	0	0	0	0	0	14	0	0	0	0
pos_6-8	0	0	0	0	0	0	0	0	0	0	0	0	0	0	0	53	0	0	0	0
pos_6-9	0	0	0	0	0	0	0	0	0	0	0	0	0	0	153	253	42	0	0	211
pos_6-10	0	0	0	0	107	0	0	0	0	0	0	186	29	0	253	253	255	0	0	253
pos_6-11	0	86	0	0	253	0	0	58	112	0	0	254	154	0	61	84	237	0	0	252
pos_6-12	102	243	0	29	248	0	0	150	143	0	0	254	13	0	0	0	218	0	0	126
pos_6-13	253	252	82	237	126	37	18	225	207	27	0	254	0	0	0	0	173	0	109	0
pos_6-14	253	252	254	252	25	252	124	252	191	211	0	254	0	0	0	0	114	3	252	0
pos_6-15	254	253	131	232	0	253	176	104	255	254	23	98	226	0	0	0	114	128	249	0
pos_6-16	253	202	0	152	0	210	255	5	255	200	106	0	254	0	0	0	29	246	67	0
pos_6-17	253	252	0	27	37	31	190	0	239	0	236	0	85	0	0	0	114	252	0	0
pos_6-18	253	123	0	0	145	0	106	0	96	0	254	0	0	0	120	0	231	252	0	0
pos_6-19	253	0	0	0	253	0	3	0	0	0	178	0	0	0	235	0	252	245	0	0
pos_6-20	254	0	0	0	178	0	0	0	0	0	83	0	0	0	0	0	82	77	0	0
pos_6-21	209	0	0	0	15	0	0	0	0	0	0	0	0	0	0	0	0	0	0	0
pos_6-22	81	0	0	0	0	0	0	0	0	0	0	0	0	0	0	6	0	0	0	0
pos_6-23	0	0	0	0	0	0	0	0	0	0	0	0	0	0	0	197	0	0	0	0
pos_6-24	0	0	0	0	0	0	0	0	0	0	0	0	0	0	0	143	0	0	0	0
pos_6-25	0	0	0	0	0	0	0	0	0	0	0	0	0	0	0	0	0	0	0	0
pos_6-26	0	0	0	0	0	0	0	0	0	0	0	0	0	0	0	0	0	0	0	0
pos_6-27	0	0	0	0	0	0	0	0	0	0	0	0	0	0	0	0	0	0	0	0
pos_7-0	0	0	0	0	0	0	0	0	0	0	0	0	0	0	0	0	0	0	0	0
pos_7-1	0	0	0	0	0	0	0	0	0	0	0	0	0	0	0	0	0	0	0	0
pos_7-2	0	0	0	0	0	0	0	0	0	0	0	0	0	0	0	0	0	0	0	0
pos_7-3	0	0	0	0	0	0	0	0	0	0	0	0	0	0	0	0	0	0	0	0
pos_7-4	0	0	0	0	0	0	0	0	0	0	0	0	0	0	0	0	0	0	0	0
pos_7-5	0	0	0	0	0	0	0	0	0	0	0	0	0	0	0	0	0	0	0	0
pos_7-6	0	0	0	0	0	0	0	0	0	0	0	0	0	0	0	0	0	0	0	0
pos_7-7	0	0	0	0	0	0	0	0	0	0	0	0	0	0	0	128	0	0	0	0
pos_7-8	0	0	0	0	0	0	0	0	96	0	0	0	0	77	17	252	0	0	0	0
pos_7-9	0	0	0	0	0	0	0	0	175	0	0	31	0	91	244	252	164	0	0	211
pos_7-10	0	17	0	0	195	0	0	0	255	0	0	228	0	91	203	252	254	0	0	253
pos_7-11	39	198	0	0	253	0	21	0	255	0	0	254	0	191	3	131	134	0	0	252
pos_7-12	241	252	41	153	196	0	88	0	191	0	0	254	0	254	0	0	0	0	0	126
pos_7-13	253	252	243	252	0	99	206	7	143	202	0	254	0	255	0	0	0	0	109	0
pos_7-14	253	139	233	182	0	252	254	108	80	253	0	217	72	190	0	0	0	177	252	0
pos_7-15	254	39	30	0	0	253	254	250	128	216	82	9	241	91	0	0	0	252	253	0
pos_7-16	253	19	0	0	0	118	254	129	143	78	240	0	231	91	0	0	0	252	108	0
pos_7-17	186	39	0	0	0	0	254	0	255	0	254	0	38	76	0	0	0	252	0	0
pos_7-18	161	6	0	0	3	0	254	0	223	0	170	0	0	0	154	0	49	240	0	0
pos_7-19	161	0	0	0	78	0	241	0	0	0	61	0	0	0	253	0	231	81	0	0
pos_7-20	46	0	0	0	229	0	65	0	0	0	0	0	0	0	67	0	206	0	0	0
pos_7-21	17	0	0	0	176	0	0	0	0	0	0	0	0	0	0	8	0	0	0	0
pos_7-22	0	0	0	0	15	0	0	0	0	0	0	0	0	0	0	189	0	0	0	0
pos_7-23	0	0	0	0	0	0	0	0	0	0	0	0	0	0	0	252	0	0	0	0
pos_7-24	0	0	0	0	0	0	0	0	0	0	0	0	0	0	0	219	0	0	0	0
pos_7-25	0	0	0	0	0	0	0	0	0	0	0	0	0	0	0	0	0	0	0	0
pos_7-26	0	0	0	0	0	0	0	0	0	0	0	0	0	0	0	0	0	0	0	0
pos_7-27	0	0	0	0	0	0	0	0	0	0	0	0	0	0	0	0	0	0	0	0
pos_8-0	0	0	0	0	0	0	0	0	0	0	0	0	0	0	0	0	0	0	0	0
pos_8-1	0	0	0	0	0	0	0	0	0	0	0	0	0	0	0	0	0	0	0	0
pos_8-2	0	0	0	0	0	0	0	0	0	0	0	0	0	0	0	0	0	0	0	0
pos_8-3	0	0	0	0	0	0	0	0	0	0	0	0	0	0	0	0	0	0	0	0
pos_8-4	0	0	0	0	0	0	0	0	0	0	0	0	0	0	0	0	0	0	0	0
pos_8-5	0	0	0	0	0	0	0	0	0	0	0	0	0	0	0	0	0	0	0	0
pos_8-6	0	0	0	0	0	0	0	0	112	0	0	0	0	24	0	55	0	0	0	0
pos_8-7	0	0	0	0	0	0	0	0	223	0	0	0	0	180	0	245	0	0	0	0
pos_8-8	0	0	0	0	0	0	0	0	255	0	0	2	0	242	20	252	0	0	0	38
pos_8-9	0	0	0	0	73	0	0	0	255	0	0	131	0	253	253	252	235	0	0	236
pos_8-10	11	89	0	0	235	0	54	0	239	0	0	254	0	253	194	218	247	0	0	254
pos_8-11	141	252	21	0	248	0	208	0	32	0	0	254	0	253	0	80	36	0	0	253
pos_8-12	253	252	214	232	21	105	254	0	0	177	0	254	0	253	0	0	0	27	0	65
pos_8-13	253	248	253	252	0	242	254	0	0	249	19	254	50	253	0	0	0	184	109	0
pos_8-14	147	88	82	59	0	252	254	0	0	213	155	97	254	253	0	0	0	253	252	0
pos_8-15	23	0	0	0	0	159	219	203	0	23	254	0	254	253	0	0	0	252	253	0
pos_8-16	23	0	0	0	0	5	116	160	0	0	246	0	73	253	0	0	0	252	108	0
pos_8-17	6	0	0	0	0	0	117	0	255	0	142	0	0	212	37	0	0	245	0	0
pos_8-18	0	0	0	0	0	0	237	0	223	0	25	0	0	0	250	0	0	81	0	0
pos_8-19	0	0	0	132	0	0	254	0	0	0	0	0	0	0	229	0	182	0	0	0
pos_8-20	0	0	0	194	125	0	200	0	0	0	0	0	0	0	6	35	253	0	0	0
pos_8-21	0	0	0	27	253	0	0	0	0	0	0	0	0	0	0	154	87	0	0	0
pos_8-22	0	0	0	0	149	0	0	0	0	0	0	0	0	0	0	252	0	0	0	0
pos_8-23	0	0	0	0	0	0	0	0	0	0	0	0	0	0	0	252	0	0	0	0
pos_8-24	0	0	0	0	0	0	0	0	0	0	0	0	0	0	0	209	0	0	0	0
pos_8-25	0	0	0	0	0	0	0	0	0	0	0	0	0	0	0	0	0	0	0	0
pos_8-26	0	0	0	0	0	0	0	0	0	0	0	0	0	0	0	0	0	0	0	0
pos_8-27	0	0	0	0	0	0	0	0	0	0	0	0	0	0	0	0	0	0	0	0
pos_9-0	0	0	0	0	0	0	0	0	0	0	0	0	0	0	0	0	0	0	0	0
pos_9-1	0	0	0	0	0	0	0	0	0	0	0	0	0	0	0	0	0	0	0	0
pos_9-2	0	0	0	0	0	0	0	0	0	0	0	0	0	0	0	0	0	0	0	0
pos_9-3	0	0	0	0	0	0	0	0	0	0	0	0	0	0	0	0	0	0	0	0
pos_9-4	0	0	0	0	0	0	0	0	0	0	0	0	0	0	0	0	0	0	0	0
pos_9-5	0	0	0	0	0	0	0	0	0	0	0	0	0	0	0	18	0	0	0	0
pos_9-6	0	0	0	0	15	0	0	0	128	0	0	0	0	103	0	212	0	0	0	0
pos_9-7	0	0	0	0	131	0	0	0	96	0	0	0	0	253	0	252	0	0	0	0
pos_9-8	0	0	0	0	225	0	0	0	64	0	0	54	0	253	99	252	0	0	0	64
pos_9-9	0	0	0	0	211	0	24	0	48	0	0	254	0	253	254	247	235	0	0	252
pos_9-10	87	186	0	0	241	0	206	0	0	0	0	254	0	253	195	54	181	0	0	253
pos_9-11	254	252	102	0	142	16	254	0	0	120	0	254	0	253	0	0	0	2	0	189
pos_9-12	254	252	253	233	0	222	254	0	0	248	0	254	52	149	0	0	0	133	0	5
pos_9-13	246	140	212	253	0	252	200	0	0	253	137	153	234	146	0	0	0	252	143	0
pos_9-14	74	0	0	42	0	252	82	0	0	86	254	0	254	146	0	0	0	253	252	0
pos_9-15	0	0	0	0	0	125	21	157	0	0	254	0	227	226	0	0	0	252	244	0
pos_9-16	0	0	0	15	0	0	0	214	112	0	141	0	17	253	0	0	0	205	26	0
pos_9-17	0	0	0	105	0	0	3	0	255	0	24	0	0	229	46	0	0	72	0	0
pos_9-18	0	0	0	253	0	0	211	0	159	0	0	0	0	52	254	0	0	0	0	0
pos_9-19	0	0	0	253	0	0	254	0	0	0	0	0	0	0	175	0	111	0	0	0
pos_9-20	0	0	0	132	6	0	200	0	0	0	0	0	0	0	0	194	254	0	0	0
pos_9-21	0	0	0	0	141	0	0	0	0	0	0	0	0	0	0	252	187	0	0	0
pos_9-22	0	0	0	0	244	0	0	0	0	0	0	0	0	0	0	252	0	0	0	0
pos_9-23	0	0	0	0	31	0	0	0	0	0	0	0	0	0	0	252	0	0	0	0
pos_9-24	0	0	0	0	0	0	0	0	0	0	0	0	0	0	0	85	0	0	0	0
pos_9-25	0	0	0	0	0	0	0	0	0	0	0	0	0	0	0	0	0	0	0	0
pos_9-26	0	0	0	0	0	0	0	0	0	0	0	0	0	0	0	0	0	0	0	0
pos_9-27	0	0	0	0	0	0	0	0	0	0	0	0	0	0	0	0	0	0	0	0
pos_10-0	0	0	0	0	0	0	0	0	0	0	0	0	0	0	0	0	0	0	0	0
pos_10-1	0	0	0	0	0	0	0	0	0	0	0	0	0	0	0	0	0	0	0	0
pos_10-2	0	0	0	0	0	0	0	0	0	0	0	0	0	0	0	0	0	0	0	0
pos_10-3	0	0	0	0	0	0	0	0	0	0	0	0	0	0	0	0	0	0	0	0
pos_10-4	0	0	0	0	0	0	0	0	0	0	0	0	0	0	0	0	0	0	0	0
pos_10-5	0	0	0	0	0	0	0	0	0	0	0	0	0	0	0	129	0	0	0	0
pos_10-6	0	0	0	0	149	0	0	0	0	0	0	0	0	197	0	252	0	0	0	0
pos_10-7	0	0	0	0	253	0	0	0	0	0	0	0	0	253	0	252	0	0	0	0
pos_10-8	0	0	0	0	216	0	0	0	0	0	0	54	0	253	98	247	123	0	0	73
pos_10-9	22	0	0	0	73	0	151	0	0	0	0	254	0	235	253	107	252	0	0	252
pos_10-10	213	186	31	0	239	0	254	0	0	119	0	254	0	71	182	0	181	0	0	253
pos_10-11	253	252	193	0	72	109	254	0	0	249	19	254	132	56	0	0	0	112	0	159
pos_10-12	253	252	254	197	0	252	158	0	0	253	137	249	249	2	0	0	0	252	0	0
pos_10-13	126	106	91	252	0	252	4	0	0	154	252	0	254	0	0	0	0	252	229	0
pos_10-14	47	0	0	77	0	168	0	0	0	1	254	0	254	0	0	0	0	253	252	0
pos_10-15	0	0	0	50	0	0	0	207	0	0	192	0	252	61	0	0	0	252	241	0
pos_10-16	0	0	0	185	0	0	16	164	191	0	18	0	206	253	0	0	0	170	0	0
pos_10-17	0	0	0	252	0	0	145	0	239	0	0	0	88	253	153	0	0	45	0	0
pos_10-18	0	0	0	231	0	0	254	0	16	0	0	0	5	122	253	0	0	93	0	0
pos_10-19	0	0	0	80	0	0	254	0	0	0	0	0	0	0	138	37	10	45	0	0
pos_10-20	0	0	0	0	0	0	242	0	0	0	0	0	0	0	0	210	232	4	0	9
pos_10-21	0	0	0	0	66	0	28	0	0	0	0	0	0	0	0	252	187	0	0	0
pos_10-22	0	0	0	0	253	0	0	0	0	0	0	0	0	0	0	252	0	0	0	0
pos_10-23	0	0	0	0	150	0	0	0	0	0	0	0	0	0	0	202	0	0	0	0
pos_10-24	0	0	0	0	1	0	0	0	0	0	0	0	0	0	0	12	0	0	0	0
pos_10-25	0	0	0	0	0	0	0	0	0	0	0	0	0	0	0	0	0	0	0	0
pos_10-26	0	0	0	0	0	0	0	0	0	0	0	0	0	0	0	0	0	0	0	0
pos_10-27	0	0	0	0	0	0	0	0	0	0	0	0	0	0	0	0	0	0	0	0
pos_11-0	0	0	0	0	0	0	0	0	0	0	0	0	0	0	0	0	0	0	0	0
pos_11-1	0	0	0	0	0	0	0	0	0	0	0	0	0	0	0	0	0	0	0	0
pos_11-2	0	0	0	0	0	0	0	0	0	0	0	0	0	0	0	0	0	0	0	0
pos_11-3	0	0	0	0	0	0	0	0	0	0	0	0	0	0	0	0	0	0	0	0
pos_11-4	0	0	0	0	0	0	0	0	0	0	0	0	0	0	0	0	0	0	0	0
pos_11-5	0	0	0	0	2	0	0	0	0	0	0	0	0	0	0	253	0	0	0	0
pos_11-6	0	0	0	0	163	0	0	0	0	0	0	0	0	197	0	252	0	0	0	0
pos_11-7	0	0	0	0	248	0	0	0	0	0	0	0	0	253	0	252	0	0	0	6
pos_11-8	0	0	0	0	59	0	0	0	0	0	0	137	0	253	116	192	188	0	0	190
pos_11-9	200	0	0	0	40	0	201	0	0	88	0	254	0	114	253	0	254	0	0	252
pos_11-10	254	186	51	0	237	145	254	0	0	222	0	254	64	0	117	0	114	4	0	253
pos_11-11	253	252	252	0	11	253	191	0	0	253	155	254	251	0	0	0	0	184	0	63
pos_11-12	253	252	192	74	0	253	25	0	0	160	254	249	250	0	0	0	0	252	0	0
pos_11-13	253	191	30	252	0	217	0	0	0	7	254	0	190	0	0	0	0	252	126	0
pos_11-14	253	27	0	244	0	0	2	154	0	0	140	0	37	0	0	0	0	253	252	0
pos_11-15	186	27	0	245	0	0	83	226	112	0	0	0	135	25	0	0	0	252	246	0
pos_11-16	112	153	0	245	0	0	195	19	255	0	0	0	247	253	17	0	0	252	42	0
pos_11-17	19	111	0	169	0	0	254	0	112	0	0	0	254	253	244	0	0	252	0	0
pos_11-18	0	27	102	16	0	0	254	0	0	0	0	0	149	185	253	0	0	252	0	16
pos_11-19	0	6	102	0	0	0	254	0	0	0	0	0	16	16	31	165	0	252	0	108
pos_11-20	0	0	102	0	0	0	230	0	0	0	0	0	0	0	0	252	161	136	0	204
pos_11-21	0	0	20	0	29	0	22	0	0	0	0	0	0	0	0	252	187	0	0	69
pos_11-22	0	0	0	0	224	0	0	0	0	0	0	0	0	0	0	252	0	0	0	0
pos_11-23	0	0	0	0	253	0	0	0	0	0	0	0	0	0	0	89	0	0	0	0
pos_11-24	0	0	0	0	28	0	0	0	0	0	0	0	0	0	0	0	0	0	0	0
pos_11-25	0	0	0	0	0	0	0	0	0	0	0	0	0	0	0	0	0	0	0	0
pos_11-26	0	0	0	0	0	0	0	0	0	0	0	0	0	0	0	0	0	0	0	0
pos_11-27	0	0	0	0	0	0	0	0	0	0	0	0	0	0	0	0	0	0	0	0
pos_12-0	0	0	0	0	0	0	0	0	0	0	0	0	0	0	0	0	0	0	0	0
pos_12-1	0	0	0	0	0	0	0	0	0	0	0	0	0	0	0	0	0	0	0	0
pos_12-2	0	0	0	0	0	0	0	0	0	0	0	0	0	0	0	0	0	0	0	0
pos_12-3	0	0	0	0	0	0	0	0	0	0	0	0	0	0	0	0	0	0	0	0
pos_12-4	0	0	0	0	0	0	0	0	0	0	0	0	0	0	0	0	0	0	0	0
pos_12-5	0	0	0	0	93	0	0	0	0	0	0	0	0	0	0	253	0	0	0	0
pos_12-6	0	0	0	0	253	0	0	0	0	0	0	0	0	197	0	252	0	0	0	0
pos_12-7	0	0	0	0	200	0	0	0	0	0	0	0	0	253	0	252	16	0	0	66
pos_12-8	0	0	0	0	0	0	25	0	0	3	0	172	0	253	200	20	216	0	0	252
pos_12-9	231	0	0	0	0	0	237	0	0	186	0	254	0	140	253	0	254	0	0	252
pos_12-10	254	110	132	0	158	144	254	0	0	254	97	254	0	5	45	0	78	155	0	236
pos_12-11	253	252	253	0	4	252	108	0	0	250	254	254	63	0	0	0	0	252	0	37
pos_12-12	253	252	0	22	0	252	0	13	0	34	254	121	58	0	0	0	0	252	0	0
pos_12-13	253	252	0	252	0	91	50	147	0	0	215	0	0	0	0	0	0	252	109	0
pos_12-14	253	252	31	252	0	0	146	210	80	0	0	0	0	0	0	0	0	253	252	0
pos_12-15	254	253	92	243	0	0	254	40	255	0	0	0	0	25	0	0	0	252	253	0
pos_12-16	253	252	214	126	0	0	254	0	175	0	0	0	55	253	68	0	0	252	108	0
pos_12-17	220	252	253	0	0	0	254	0	0	0	0	0	222	253	253	0	0	252	0	0
pos_12-18	80	252	254	0	0	0	254	0	0	0	0	0	254	253	217	74	0	252	0	108
pos_12-19	0	168	253	0	0	0	254	0	0	0	0	0	217	32	8	245	0	252	0	252
pos_12-20	0	116	254	0	0	0	50	0	0	0	0	0	28	0	0	252	126	251	0	253
pos_12-21	0	0	151	0	0	0	0	0	0	0	0	0	0	0	0	252	244	134	0	239
pos_12-22	0	0	0	0	201	0	0	0	0	0	0	0	0	0	0	203	30	0	0	62
pos_12-23	0	0	0	0	253	0	0	0	0	0	0	0	0	0	0	6	0	0	0	0
pos_12-24	0	0	0	0	135	0	0	0	0	0	0	0	0	0	0	0	0	0	0	0
pos_12-25	0	0	0	0	0	0	0	0	0	0	0	0	0	0	0	0	0	0	0	0
pos_12-26	0	0	0	0	0	0	0	0	0	0	0	0	0	0	0	0	0	0	0	0
pos_12-27	0	0	0	0	0	0	0	0	0	0	0	0	0	0	0	0	0	0	0	0
pos_13-0	0	0	0	0	0	0	0	0	0	0	0	0	0	0	0	0	0	0	0	0
pos_13-1	0	0	0	0	0	0	0	0	0	0	0	0	0	0	0	0	0	0	0	0
pos_13-2	0	0	0	0	0	0	0	0	0	0	0	0	0	0	0	0	0	0	0	0
pos_13-3	0	0	0	0	0	0	0	0	0	0	0	0	0	0	0	0	0	0	0	0
pos_13-4	0	0	0	0	0	0	0	0	0	0	0	0	0	0	0	0	0	0	0	0
pos_13-5	0	0	0	0	164	0	0	0	0	0	0	0	0	0	0	253	0	0	0	0
pos_13-6	0	0	0	0	253	0	0	0	0	0	0	0	0	197	0	252	0	0	0	0
pos_13-7	0	0	0	0	200	0	0	0	0	0	0	14	0	253	55	252	30	0	0	128
pos_13-8	0	0	0	0	0	0	14	0	0	61	4	203	0	253	255	78	241	0	0	253
pos_13-9	231	0	41	0	0	27	195	0	0	253	96	254	0	253	230	0	217	65	0	253
pos_13-10	254	26	213	0	119	221	254	0	0	246	225	254	0	24	21	0	30	244	0	168
pos_13-11	253	210	252	36	0	252	190	80	0	95	252	254	0	0	13	0	0	253	0	0
pos_13-12	253	252	102	206	0	241	186	217	0	0	173	11	0	0	20	0	0	253	0	0
pos_13-13	158	252	142	252	0	61	252	237	64	0	33	0	0	0	20	0	0	253	224	0
pos_13-14	137	252	233	252	0	0	254	43	239	0	0	0	0	0	20	0	0	255	252	0
pos_13-15	202	253	252	229	0	0	254	0	207	0	13	23	0	25	44	0	0	253	253	0
pos_13-16	253	252	253	27	0	0	254	0	0	0	20	96	0	253	182	0	0	253	108	0
pos_13-17	253	252	252	0	0	0	254	0	0	0	20	139	0	253	254	0	0	253	0	101
pos_13-18	245	252	213	0	0	0	254	0	0	0	73	214	177	253	195	199	0	253	0	253
pos_13-19	74	252	252	0	0	0	107	0	0	0	118	153	254	32	0	252	0	253	0	253
pos_13-20	0	227	253	0	0	32	1	0	0	0	8	96	169	0	0	252	126	253	0	255
pos_13-21	0	42	232	0	0	37	0	0	0	0	0	78	0	0	0	241	254	209	0	253
pos_13-22	0	0	0	0	119	16	0	0	0	0	0	0	0	0	0	0	36	0	0	127
pos_13-23	0	0	0	0	253	0	0	0	0	0	0	0	0	0	0	0	0	0	0	0
pos_13-24	0	0	0	0	190	0	0	0	0	0	0	0	0	0	0	0	0	0	0	0
pos_13-25	0	0	0	0	0	0	0	0	0	0	0	0	0	0	0	0	0	0	0	0
pos_13-26	0	0	0	0	0	0	0	0	0	0	0	0	0	0	0	0	0	0	0	0
pos_13-27	0	0	0	0	0	0	0	0	0	0	0	0	0	0	0	0	0	0	0	0
pos_14-0	0	0	0	0	0	0	0	0	0	0	0	0	0	0	0	0	0	0	0	0
pos_14-1	0	0	0	0	0	0	0	0	0	0	0	0	0	0	0	0	0	0	0	0
pos_14-2	0	0	0	0	0	0	0	0	0	0	0	0	0	0	0	0	0	0	0	0
pos_14-3	0	0	0	0	0	0	0	0	0	0	0	0	0	0	0	0	0	0	0	0
pos_14-4	0	0	0	0	0	0	0	0	0	0	0	0	0	0	0	0	0	0	0	0
pos_14-5	0	0	0	0	254	0	0	0	0	0	0	0	0	0	0	253	0	0	0	0
pos_14-6	0	0	0	0	253	0	0	0	0	0	0	0	0	154	0	252	0	0	0	0
pos_14-7	0	0	0	0	200	0	0	0	0	23	0	36	0	253	67	252	30	0	0	127
pos_14-8	0	0	0	0	0	0	0	0	0	222	100	254	0	253	254	209	241	39	0	252
pos_14-9	0	0	102	0	0	120	55	0	0	253	254	254	0	253	253	78	125	236	0	252
pos_14-10	53	0	254	43	28	252	218	0	0	180	254	254	0	24	222	78	0	252	0	131
pos_14-11	0	22	253	227	0	252	254	175	0	0	248	254	0	0	231	74	0	252	0	0
pos_14-12	0	146	254	250	0	179	254	254	16	0	109	14	0	0	254	0	0	252	0	0
pos_14-13	0	253	253	185	0	0	254	254	191	0	169	61	0	0	253	0	0	252	230	0
pos_14-14	0	253	254	229	0	0	254	184	239	0	176	188	0	0	253	0	0	253	253	0
pos_14-15	0	197	233	255	0	0	254	25	0	0	225	237	0	25	253	34	0	252	255	0
pos_14-16	75	133	142	125	0	42	254	0	0	0	254	254	0	253	254	21	0	226	109	29
pos_14-17	217	241	183	0	0	144	254	0	0	6	254	254	0	253	253	78	0	186	0	239
pos_14-18	254	253	0	0	0	144	235	0	0	37	254	254	33	253	182	245	0	201	0	252
pos_14-19	254	253	0	0	0	145	7	0	0	11	254	254	229	32	0	252	0	252	0	252
pos_14-20	0	253	92	0	0	237	0	0	0	0	207	254	244	0	0	252	126	252	0	253
pos_14-21	0	149	253	0	0	252	0	0	0	0	57	250	57	0	0	127	200	208	0	252
pos_14-22	0	0	0	0	84	190	0	0	0	0	0	172	0	0	0	0	8	0	0	126
pos_14-23	0	0	0	0	253	84	0	0	0	0	0	0	0	0	0	0	0	0	0	0
pos_14-24	0	0	0	0	135	0	0	0	0	0	0	0	0	0	0	0	0	0	0	0
pos_14-25	0	0	0	0	0	0	0	0	0	0	0	0	0	0	0	0	0	0	0	0
pos_14-26	0	0	0	0	0	0	0	0	0	0	0	0	0	0	0	0	0	0	0	0
pos_14-27	0	0	0	0	0	0	0	0	0	0	0	0	0	0	0	0	0	0	0	0
pos_15-0	0	0	0	0	0	0	0	0	0	0	0	0	0	0	0	0	0	0	0	0
pos_15-1	0	0	0	0	0	0	0	0	0	0	0	0	0	0	0	0	0	0	0	0
pos_15-2	0	0	0	0	0	0	0	0	0	0	0	0	0	0	0	0	0	0	0	0
pos_15-3	0	0	0	0	0	0	0	0	0	0	0	0	0	0	0	0	0	0	0	0
pos_15-4	0	0	0	0	0	0	0	0	0	0	0	0	0	0	0	0	0	0	0	0
pos_15-5	0	0	0	0	255	0	0	0	0	0	0	0	0	0	0	253	0	0	0	0
pos_15-6	0	0	0	0	253	0	0	0	0	0	0	0	0	13	0	252	0	0	0	0
pos_15-7	0	0	0	0	200	0	0	0	0	37	58	18	0	173	0	252	37	53	0	135
pos_15-8	0	0	0	0	0	0	0	0	0	253	245	212	0	253	193	252	254	181	0	252
pos_15-9	0	0	102	36	0	182	0	0	0	253	254	254	0	167	253	252	141	252	0	244
pos_15-10	0	0	253	227	0	253	12	0	0	100	254	254	0	9	253	252	0	252	0	9
pos_15-11	0	0	252	252	0	253	92	0	0	0	254	254	0	0	253	251	0	252	0	0
pos_15-12	0	2	253	117	0	128	120	79	159	0	254	250	0	0	254	220	0	252	0	0
pos_15-13	0	13	252	0	0	129	150	152	239	21	254	252	0	0	253	220	0	252	160	0
pos_15-14	0	13	131	131	0	253	254	242	48	107	254	254	0	0	253	220	0	92	252	0
pos_15-15	0	7	30	253	0	255	254	216	0	170	215	254	0	25	217	235	0	44	252	4
pos_15-16	0	0	0	168	0	253	254	13	0	170	207	254	0	253	254	229	0	27	98	187
pos_15-17	164	156	0	0	0	253	251	0	0	182	117	254	0	253	253	252	0	9	0	252
pos_15-18	253	252	0	0	0	253	51	0	0	253	79	254	0	253	75	252	0	181	0	247
pos_15-19	253	252	0	0	0	145	0	0	0	193	154	254	134	32	0	252	0	252	0	99
pos_15-20	0	201	10	0	0	144	0	0	0	135	239	254	254	0	0	214	126	252	0	253
pos_15-21	0	4	212	0	0	160	0	0	0	49	237	254	103	0	0	12	253	208	0	252
pos_15-22	0	0	41	0	84	253	0	0	0	7	58	253	0	0	0	0	35	0	0	126
pos_15-23	0	0	0	0	253	208	0	0	0	0	0	168	0	0	0	0	0	0	0	0
pos_15-24	0	0	0	0	234	20	0	0	0	0	0	0	0	0	0	0	0	0	0	0
pos_15-25	0	0	0	0	0	0	0	0	0	0	0	0	0	0	0	0	0	0	0	0
pos_15-26	0	0	0	0	0	0	0	0	0	0	0	0	0	0	0	0	0	0	0	0
pos_15-27	0	0	0	0	0	0	0	0	0	0	0	0	0	0	0	0	0	0	0	0
pos_16-0	0	0	0	0	0	0	0	0	0	0	0	0	0	0	0	0	0	0	0	0
pos_16-1	0	0	0	0	0	0	0	0	0	0	0	0	0	0	0	0	0	0	0	0
pos_16-2	0	0	0	0	0	0	0	0	0	0	0	0	0	0	0	0	0	0	0	0
pos_16-3	0	0	0	0	0	0	0	0	0	0	0	0	0	0	0	0	0	0	0	0
pos_16-4	0	0	0	0	0	0	0	0	0	0	0	0	0	0	0	0	0	0	0	0
pos_16-5	0	0	0	0	254	0	0	0	0	0	0	0	0	0	0	82	0	0	0	0
pos_16-6	0	0	0	0	253	0	0	0	0	0	16	0	0	0	0	239	0	0	0	0
pos_16-7	0	0	0	0	200	0	0	0	0	66	236	0	0	4	0	253	37	190	0	232
pos_16-8	0	0	0	6	0	0	0	0	0	253	254	158	0	7	38	253	254	252	0	252
pos_16-9	0	0	142	206	0	181	0	0	0	253	254	254	0	3	157	253	186	252	0	217
pos_16-10	0	0	193	250	0	252	0	0	0	60	254	254	0	0	151	253	0	252	0	0
pos_16-11	0	0	253	117	0	252	0	0	80	0	254	254	0	0	175	253	0	248	0	0
pos_16-12	0	0	254	2	0	252	0	0	255	99	223	254	0	0	98	253	0	196	0	0
pos_16-13	0	0	112	0	0	252	59	0	80	212	140	254	0	0	97	253	0	73	183	0
pos_16-14	0	0	0	9	0	210	254	114	0	253	58	254	0	0	79	253	0	0	252	0
pos_16-15	0	0	0	245	0	180	254	254	0	254	0	248	0	25	80	255	0	6	241	69
pos_16-16	0	40	0	246	0	55	254	27	0	253	0	225	0	253	254	253	0	66	0	252
pos_16-17	70	236	0	72	0	35	207	0	0	253	0	136	0	253	217	253	0	191	0	252
pos_16-18	253	252	51	0	0	35	0	0	0	253	0	244	0	253	3	253	0	252	0	162
pos_16-19	253	252	72	0	0	0	0	0	0	253	0	254	114	32	0	246	0	252	0	0
pos_16-20	0	149	254	0	0	21	0	0	0	253	82	255	254	0	0	48	161	252	0	253
pos_16-21	0	0	233	0	0	181	0	0	0	253	254	254	103	0	0	0	254	150	0	252
pos_16-22	0	0	0	0	191	252	0	0	0	123	205	254	0	0	0	0	36	0	0	126
pos_16-23	0	0	0	0	253	104	0	0	0	0	8	157	0	0	0	0	0	0	0	0
pos_16-24	0	0	0	0	201	0	0	0	0	0	0	0	0	0	0	0	0	0	0	0
pos_16-25	0	0	0	0	0	0	0	0	0	0	0	0	0	0	0	0	0	0	0	0
pos_16-26	0	0	0	0	0	0	0	0	0	0	0	0	0	0	0	0	0	0	0	0
pos_16-27	0	0	0	0	0	0	0	0	0	0	0	0	0	0	0	0	0	0	0	0
pos_17-0	0	0	0	0	0	0	0	0	0	0	0	0	0	0	0	0	0	0	0	0
pos_17-1	0	0	0	0	0	0	0	0	0	0	0	0	0	0	0	0	0	0	0	0
pos_17-2	0	0	0	0	0	0	0	0	0	0	0	0	0	0	0	0	0	0	0	0
pos_17-3	0	0	0	0	0	0	0	0	0	0	0	0	0	0	0	0	0	0	0	0
pos_17-4	0	0	0	0	0	0	0	0	0	0	0	0	0	0	0	0	0	0	0	0
pos_17-5	0	0	0	0	138	0	0	0	0	0	0	0	0	0	0	10	0	0	0	0
pos_17-6	0	0	0	0	253	0	0	0	0	0	216	0	0	0	0	43	0	22	0	0
pos_17-7	68	0	0	0	200	0	0	0	0	123	254	0	0	0	0	120	37	245	0	144
pos_17-8	17	0	0	134	0	0	0	0	0	253	254	54	0	0	0	192	254	252	0	252
pos_17-9	0	0	102	252	0	181	0	0	0	207	254	254	0	0	0	252	228	252	0	252
pos_17-10	0	0	233	140	0	252	0	0	32	14	219	254	0	0	0	252	0	252	0	0
pos_17-11	0	0	252	0	0	252	0	0	223	100	30	254	0	0	0	252	0	136	0	0
pos_17-12	0	0	253	0	0	220	6	0	159	245	0	254	0	0	0	252	0	0	19	0
pos_17-13	0	0	70	0	0	112	166	0	0	253	0	254	0	0	0	252	0	0	234	0
pos_17-14	0	0	0	0	0	31	254	6	0	184	0	149	0	0	0	252	0	32	252	0
pos_17-15	0	39	0	148	0	0	254	236	0	60	0	68	0	25	109	253	0	155	218	236
pos_17-16	0	223	62	252	0	0	246	112	0	60	0	37	0	253	255	252	0	252	0	252
pos_17-17	164	252	183	196	0	0	61	0	0	60	0	180	0	253	214	252	0	252	0	235
pos_17-18	253	252	253	0	0	0	0	0	0	60	0	254	44	253	0	189	0	252	0	14
pos_17-19	253	153	232	0	0	37	0	0	0	198	23	254	226	32	0	98	0	252	0	89
pos_17-20	0	11	192	0	0	181	0	0	0	253	180	254	254	0	0	0	131	173	0	253
pos_17-21	0	0	91	0	70	252	0	0	0	253	254	254	86	0	0	0	246	34	0	252
pos_17-22	0	0	0	0	252	148	0	0	0	122	206	212	0	0	0	0	32	0	0	126
pos_17-23	0	0	0	0	253	0	0	0	0	0	8	19	0	0	0	0	0	0	0	0
pos_17-24	0	0	0	0	135	0	0	0	0	0	0	0	0	0	0	0	0	0	0	0
pos_17-25	0	0	0	0	0	0	0	0	0	0	0	0	0	0	0	0	0	0	0	0
pos_17-26	0	0	0	0	0	0	0	0	0	0	0	0	0	0	0	0	0	0	0	0
pos_17-27	0	0	0	0	0	0	0	0	0	0	0	0	0	0	0	0	0	0	0	0
pos_18-0	0	0	0	0	0	0	0	0	0	0	0	0	0	0	0	0	0	0	0	0
pos_18-1	0	0	0	0	0	0	0	0	0	0	0	0	0	0	0	0	0	0	0	0
pos_18-2	0	0	0	0	0	0	0	0	0	0	0	0	0	0	0	0	0	0	0	0
pos_18-3	0	0	0	0	0	0	0	0	0	0	0	0	0	0	0	0	0	0	0	0
pos_18-4	0	0	0	0	0	0	0	0	0	0	0	0	0	0	0	0	0	0	0	0
pos_18-5	0	0	0	0	68	0	0	0	0	0	5	0	0	0	0	0	0	0	0	0
pos_18-6	148	0	0	0	253	0	0	0	0	0	218	0	128	0	0	0	0	186	0	0
pos_18-7	247	0	0	18	231	0	0	0	0	37	254	0	179	0	0	0	37	252	0	128
pos_18-8	235	57	0	239	38	0	0	0	0	253	254	54	9	0	0	4	254	252	0	253
pos_18-9	21	67	123	208	0	181	0	0	16	213	216	254	0	0	0	44	228	252	0	253
pos_18-10	0	18	255	18	0	252	0	0	207	80	15	254	0	0	0	44	0	252	0	87
pos_18-11	0	0	253	0	0	252	0	0	239	244	0	254	0	0	0	92	0	99	0	11
pos_18-12	0	0	254	0	0	35	72	0	0	134	0	254	0	0	0	63	0	27	28	0
pos_18-13	0	0	131	0	0	0	254	0	0	48	0	254	0	0	0	153	0	89	236	0
pos_18-14	0	36	214	0	0	0	254	0	0	3	0	210	0	0	0	153	0	230	252	62
pos_18-15	0	226	253	148	0	0	254	231	0	0	20	184	0	25	216	162	0	252	149	255
pos_18-16	0	252	254	252	0	0	203	143	0	0	20	238	0	253	254	252	0	252	0	253
pos_18-17	185	252	253	231	0	0	0	0	0	53	88	254	41	253	214	252	0	252	0	236
pos_18-18	253	231	183	0	0	84	0	0	0	109	170	254	226	253	0	211	0	252	0	96
pos_18-19	253	39	203	0	0	253	0	0	0	240	230	254	254	32	0	163	25	183	0	253
pos_18-20	0	0	41	0	42	252	0	0	0	253	254	254	254	0	0	0	208	38	0	255
pos_18-21	0	0	0	0	224	231	0	0	0	225	244	220	9	0	0	0	187	0	0	186
pos_18-22	0	0	0	0	253	46	0	0	0	24	125	53	0	0	0	0	0	0	0	9
pos_18-23	0	0	0	0	242	0	0	0	0	0	0	0	0	0	0	0	0	0	0	0
pos_18-24	0	0	0	0	64	0	0	0	0	0	0	0	0	0	0	0	0	0	0	0
pos_18-25	0	0	0	0	0	0	0	0	0	0	0	0	0	0	0	0	0	0	0	0
pos_18-26	0	0	0	0	0	0	0	0	0	0	0	0	0	0	0	0	0	0	0	0
pos_18-27	0	0	0	0	0	0	0	0	0	0	0	0	0	0	0	0	0	0	0	0
pos_19-0	0	0	0	0	0	0	0	0	0	0	0	0	0	0	0	0	0	0	0	0
pos_19-1	0	0	0	0	0	0	0	0	0	0	0	0	0	0	0	0	0	0	0	0
pos_19-2	0	0	0	0	0	0	0	0	0	0	0	0	0	0	0	0	0	0	0	0
pos_19-3	0	0	0	0	0	0	0	0	0	0	0	0	0	0	0	0	0	0	0	0
pos_19-4	0	0	0	0	0	0	0	0	0	0	0	0	0	0	0	0	0	0	0	0
pos_19-5	0	0	0	0	7	0	0	0	0	0	18	0	0	0	0	0	0	0	0	0
pos_19-6	152	0	0	0	188	0	0	0	0	0	159	0	166	0	0	0	0	204	0	0
pos_19-7	254	0	0	39	253	0	0	0	0	37	254	0	254	0	0	0	34	252	0	85
pos_19-8	254	213	0	253	154	0	0	0	0	253	254	37	18	0	0	0	249	252	0	224
pos_19-9	202	252	162	86	9	182	0	0	159	253	254	194	0	0	0	0	228	252	0	252
pos_19-10	22	203	253	0	0	253	0	0	255	178	177	254	0	0	0	0	0	252	0	253
pos_19-11	0	59	252	0	0	253	0	0	64	134	176	254	0	0	0	0	0	239	0	170
pos_19-12	0	0	253	0	0	35	131	0	0	5	109	254	0	0	0	0	0	238	0	85
pos_19-13	0	39	252	0	0	0	254	0	0	0	169	254	0	0	0	0	0	252	229	85
pos_19-14	0	221	253	0	0	0	254	0	0	0	176	254	0	0	0	0	0	253	252	199
pos_19-15	3	253	252	148	0	47	244	242	0	98	254	254	45	25	234	201	0	252	241	253
pos_19-16	119	252	253	253	0	109	69	126	0	109	254	254	124	253	254	252	0	252	0	252
pos_19-17	254	232	252	232	0	212	0	0	0	240	254	254	229	253	106	252	0	237	0	252
pos_19-18	254	66	162	0	3	253	0	0	0	253	254	254	254	253	0	241	0	108	0	252
pos_19-19	138	0	20	0	117	208	0	0	0	230	254	254	247	32	0	95	172	5	0	252
pos_19-20	0	0	0	0	223	104	0	0	0	122	206	245	103	0	0	0	254	0	0	151
pos_19-21	0	0	0	0	253	0	0	0	0	24	95	84	3	0	0	0	135	0	0	16
pos_19-22	0	0	0	0	238	0	0	0	0	0	0	0	0	0	0	0	0	0	0	0
pos_19-23	0	0	0	0	69	0	0	0	0	0	0	0	0	0	0	0	0	0	0	0
pos_19-24	0	0	0	0	0	0	0	0	0	0	0	0	0	0	0	0	0	0	0	0
pos_19-25	0	0	0	0	0	0	0	0	0	0	0	0	0	0	0	0	0	0	0	0
pos_19-26	0	0	0	0	0	0	0	0	0	0	0	0	0	0	0	0	0	0	0	0
pos_19-27	0	0	0	0	0	0	0	0	0	0	0	0	0	0	0	0	0	0	0	0
pos_20-0	0	0	0	0	0	0	0	0	0	0	0	0	0	0	0	0	0	0	0	0
pos_20-1	0	0	0	0	0	0	0	0	0	0	0	0	0	0	0	0	0	0	0	0
pos_20-2	0	0	0	0	0	0	0	0	0	0	0	0	0	0	0	0	0	0	0	0
pos_20-3	0	0	0	0	0	0	0	0	0	0	0	0	0	0	0	0	0	0	0	0
pos_20-4	0	0	0	0	0	0	0	0	0	0	0	0	0	0	0	0	0	0	0	0
pos_20-5	0	0	0	0	0	0	0	0	0	0	0	0	0	0	0	0	0	0	0	0
pos_20-6	38	0	0	0	60	0	0	0	0	0	27	0	104	0	0	0	0	39	0	0
pos_20-7	241	0	0	127	202	0	0	0	0	4	254	0	254	0	0	0	0	246	0	0
pos_20-8	253	192	0	252	253	0	0	0	48	68	254	0	193	0	0	0	188	252	0	85
pos_20-9	253	252	41	42	155	139	0	0	255	253	254	10	151	0	0	0	246	252	0	170
pos_20-10	246	252	132	0	38	252	0	0	255	253	255	35	85	0	0	0	81	252	0	253
pos_20-11	89	198	253	0	0	252	23	0	191	235	254	182	78	0	0	0	0	252	0	252
pos_20-12	13	173	254	0	0	222	217	0	191	184	254	254	151	0	0	0	0	252	47	252
pos_20-13	0	219	253	0	0	217	254	0	191	219	254	254	186	0	0	0	0	252	240	252
pos_20-14	43	252	254	71	0	217	254	26	191	230	254	254	246	0	37	0	0	253	252	252
pos_20-15	119	253	233	227	0	233	199	248	191	254	245	254	249	25	246	253	0	241	241	253
pos_20-16	253	252	142	252	55	252	0	80	191	253	214	254	254	253	248	252	0	165	0	252
pos_20-17	253	137	61	152	66	241	0	0	191	185	146	217	254	253	41	252	0	47	0	233
pos_20-18	236	0	0	0	184	179	0	0	191	122	64	101	183	253	0	230	77	0	0	100
pos_20-19	60	0	0	0	253	20	0	0	191	18	19	35	61	32	0	0	231	0	0	21
pos_20-20	0	0	0	0	253	0	0	0	191	0	8	31	0	0	0	0	213	0	0	0
pos_20-21	0	0	0	0	176	0	0	0	207	0	0	0	0	0	0	0	27	0	0	0
pos_20-22	0	0	0	0	48	0	0	0	207	0	0	0	0	0	0	0	0	0	0	0
pos_20-23	0	0	0	0	0	0	0	0	191	0	0	0	0	0	0	0	0	0	0	0
pos_20-24	0	0	0	0	0	0	0	0	128	0	0	0	0	0	0	0	0	0	0	0
pos_20-25	0	0	0	0	0	0	0	0	64	0	0	0	0	0	0	0	0	0	0	0
pos_20-26	0	0	0	0	0	0	0	0	0	0	0	0	0	0	0	0	0	0	0	0
pos_20-27	0	0	0	0	0	0	0	0	0	0	0	0	0	0	0	0	0	0	0	0
pos_21-0	0	0	0	0	0	0	0	0	0	0	0	0	0	0	0	0	0	0	0	0
pos_21-1	0	0	0	0	0	0	0	0	0	0	0	0	0	0	0	0	0	0	0	0
pos_21-2	0	0	0	0	0	0	0	0	0	0	0	0	0	0	0	0	0	0	0	0
pos_21-3	0	0	0	0	0	0	0	0	0	0	0	0	0	0	0	0	0	0	0	0
pos_21-4	0	0	0	0	0	0	0	0	0	0	0	0	0	0	0	0	0	0	0	0
pos_21-5	0	0	0	0	0	0	0	0	0	0	0	0	0	0	0	0	0	0	0	0
pos_21-6	0	0	0	0	0	0	0	0	0	0	5	0	58	0	0	0	0	0	0	0
pos_21-7	153	0	0	74	11	0	0	0	0	0	58	0	244	0	0	0	0	160	0	0
pos_21-8	253	30	0	252	140	0	0	0	80	3	201	0	254	0	0	0	137	252	0	0
pos_21-9	253	134	0	104	238	11	0	0	159	40	254	0	254	0	0	0	254	252	0	0
pos_21-10	255	252	51	22	231	175	0	0	159	167	254	0	254	0	0	0	214	252	0	102
pos_21-11	253	252	252	22	198	252	104	0	128	253	254	58	254	0	0	0	115	252	0	189
pos_21-12	203	252	151	31	84	252	254	0	128	253	254	135	254	0	0	0	47	252	0	189
pos_21-13	185	252	151	153	84	252	254	0	143	253	201	146	254	0	0	0	11	252	229	205
pos_21-14	247	252	131	249	84	252	244	83	128	137	155	199	254	0	114	39	11	176	252	252
pos_21-15	255	253	30	253	120	253	74	248	191	132	83	254	249	25	254	253	52	82	246	253
pos_21-16	253	100	0	201	245	220	0	23	175	63	0	218	187	253	235	252	132	0	42	205
pos_21-17	234	10	0	19	253	102	0	0	159	5	0	86	104	253	0	252	219	0	0	51
pos_21-18	117	0	0	0	253	0	0	0	128	0	0	0	3	146	0	192	252	0	0	0
pos_21-19	0	0	0	0	205	0	0	0	175	0	0	0	0	6	0	0	251	0	0	0
pos_21-20	0	0	0	0	94	0	0	0	191	0	0	0	0	0	0	0	82	0	0	0
pos_21-21	0	0	0	0	15	0	0	0	175	0	0	0	0	0	0	0	0	0	0	0
pos_21-22	0	0	0	0	0	0	0	0	128	0	0	0	0	0	0	0	0	0	0	0
pos_21-23	0	0	0	0	0	0	0	0	175	0	0	0	0	0	0	0	0	0	0	0
pos_21-24	0	0	0	0	0	0	0	0	255	0	0	0	0	0	0	0	0	0	0	0
pos_21-25	0	0	0	0	0	0	0	0	207	0	0	0	0	0	0	0	0	0	0	0
pos_21-26	0	0	0	0	0	0	0	0	0	0	0	0	0	0	0	0	0	0	0	0
pos_21-27	0	0	0	0	0	0	0	0	0	0	0	0	0	0	0	0	0	0	0	0
pos_22-0	0	0	0	0	0	0	0	0	0	0	0	0	0	0	0	0	0	0	0	0
pos_22-1	0	0	0	0	0	0	0	0	0	0	0	0	0	0	0	0	0	0	0	0
pos_22-2	0	0	0	0	0	0	0	0	0	0	0	0	0	0	0	0	0	0	0	0
pos_22-3	0	0	0	0	0	0	0	0	0	0	0	0	0	0	0	0	0	0	0	0
pos_22-4	0	0	0	0	0	0	0	0	0	0	0	0	0	0	0	0	0	0	0	0
pos_22-5	0	0	0	0	0	0	0	0	0	0	0	0	0	0	0	0	0	0	0	0
pos_22-6	0	0	0	0	0	0	0	0	0	0	0	0	0	0	0	0	0	0	0	0
pos_22-7	45	0	0	16	0	0	0	0	0	0	0	0	44	0	0	0	0	17	0	0
pos_22-8	194	0	0	205	0	0	0	0	0	0	0	0	83	0	0	0	0	33	0	0
pos_22-9	253	28	0	252	29	0	0	0	0	0	0	0	159	0	0	0	139	119	0	0
pos_22-10	254	207	0	253	85	62	22	0	0	0	0	0	191	0	0	0	237	195	0	0
pos_22-11	253	252	0	252	155	108	243	0	0	0	0	0	232	0	0	0	254	233	0	0
pos_22-12	253	252	0	252	253	232	254	0	0	0	0	0	159	0	0	0	254	142	0	0
pos_22-13	253	252	0	252	253	148	254	0	0	0	0	0	159	0	0	0	254	46	177	11
pos_22-14	253	245	0	252	253	108	195	128	0	0	0	0	66	0	197	116	254	0	252	174
pos_22-15	246	176	0	128	253	108	0	207	0	0	0	0	56	25	253	253	254	0	253	218
pos_22-16	139	6	0	21	253	15	0	0	0	0	0	0	0	253	186	252	254	0	108	11
pos_22-17	33	0	0	0	161	0	0	0	0	0	0	0	0	253	0	252	254	0	0	0
pos_22-18	0	0	0	0	93	0	0	0	0	0	0	0	0	122	0	116	187	0	0	0
pos_22-19	0	0	0	0	15	0	0	0	0	0	0	0	0	0	0	0	65	0	0	0
pos_22-20	0	0	0	0	0	0	0	0	0	0	0	0	0	0	0	0	0	0	0	0
pos_22-21	0	0	0	0	0	0	0	0	0	0	0	0	0	0	0	0	0	0	0	0
pos_22-22	0	0	0	0	0	0	0	0	0	0	0	0	0	0	0	0	0	0	0	0
pos_22-23	0	0	0	0	0	0	0	0	0	0	0	0	0	0	0	0	0	0	0	0
pos_22-24	0	0	0	0	0	0	0	0	0	0	0	0	0	0	0	0	0	0	0	0
pos_22-25	0	0	0	0	0	0	0	0	0	0	0	0	0	0	0	0	0	0	0	0
pos_22-26	0	0	0	0	0	0	0	0	0	0	0	0	0	0	0	0	0	0	0	0
pos_22-27	0	0	0	0	0	0	0	0	0	0	0	0	0	0	0	0	0	0	0	0
pos_23-0	0	0	0	0	0	0	0	0	0	0	0	0	0	0	0	0	0	0	0	0
pos_23-1	0	0	0	0	0	0	0	0	0	0	0	0	0	0	0	0	0	0	0	0
pos_23-2	0	0	0	0	0	0	0	0	0	0	0	0	0	0	0	0	0	0	0	0
pos_23-3	0	0	0	0	0	0	0	0	0	0	0	0	0	0	0	0	0	0	0	0
pos_23-4	0	0	0	0	0	0	0	0	0	0	0	0	0	0	0	0	0	0	0	0
pos_23-5	0	0	0	0	0	0	0	0	0	0	0	0	0	0	0	0	0	0	0	0
pos_23-6	0	0	0	0	0	0	0	0	0	0	0	0	0	0	0	0	0	0	0	0
pos_23-7	0	0	0	0	0	0	0	0	0	0	0	0	0	0	0	0	0	0	0	0
pos_23-8	9	0	0	37	0	0	0	0	0	0	0	0	0	0	0	0	0	0	0	0
pos_23-9	128	0	0	147	0	0	12	0	0	0	0	0	0	0	0	0	0	0	0	0
pos_23-10	202	26	0	253	0	0	146	0	0	0	0	0	0	0	0	0	33	0	0	0
pos_23-11	253	119	0	252	1	0	254	0	0	0	0	0	0	0	0	0	144	0	0	0
pos_23-12	253	203	0	244	17	0	254	0	0	0	0	0	0	0	0	0	254	0	0	0
pos_23-13	158	245	0	147	73	0	247	25	0	0	0	0	0	0	0	0	254	0	5	0
pos_23-14	137	56	0	59	17	0	45	245	0	0	0	0	0	0	215	134	254	0	184	0
pos_23-15	21	0	0	0	17	0	0	87	0	0	0	0	0	25	253	205	254	0	184	0
pos_23-16	0	0	0	0	17	0	0	0	0	0	0	0	0	253	216	233	152	0	5	0
pos_23-17	0	0	0	0	2	0	0	0	0	0	0	0	0	253	0	125	72	0	0	0
pos_23-18	0	0	0	0	0	0	0	0	0	0	0	0	0	122	0	4	3	0	0	0
pos_23-19	0	0	0	0	0	0	0	0	0	0	0	0	0	0	0	0	0	0	0	0
pos_23-20	0	0	0	0	0	0	0	0	0	0	0	0	0	0	0	0	0	0	0	0
pos_23-21	0	0	0	0	0	0	0	0	0	0	0	0	0	0	0	0	0	0	0	0
pos_23-22	0	0	0	0	0	0	0	0	0	0	0	0	0	0	0	0	0	0	0	0
pos_23-23	0	0	0	0	0	0	0	0	0	0	0	0	0	0	0	0	0	0	0	0
pos_23-24	0	0	0	0	0	0	0	0	0	0	0	0	0	0	0	0	0	0	0	0
pos_23-25	0	0	0	0	0	0	0	0	0	0	0	0	0	0	0	0	0	0	0	0
pos_23-26	0	0	0	0	0	0	0	0	0	0	0	0	0	0	0	0	0	0	0	0
pos_23-27	0	0	0	0	0	0	0	0	0	0	0	0	0	0	0	0	0	0	0	0
pos_24-0	0	0	0	0	0	0	0	0	0	0	0	0	0	0	0	0	0	0	0	0
pos_24-1	0	0	0	0	0	0	0	0	0	0	0	0	0	0	0	0	0	0	0	0
pos_24-2	0	0	0	0	0	0	0	0	0	0	0	0	0	0	0	0	0	0	0	0
pos_24-3	0	0	0	0	0	0	0	0	0	0	0	0	0	0	0	0	0	0	0	0
pos_24-4	0	0	0	0	0	0	0	0	0	0	0	0	0	0	0	0	0	0	0	0
pos_24-5	0	0	0	0	0	0	0	0	0	0	0	0	0	0	0	0	0	0	0	0
pos_24-6	0	0	0	0	0	0	0	0	0	0	0	0	0	0	0	0	0	0	0	0
pos_24-7	0	0	0	0	0	0	0	0	0	0	0	0	0	0	0	0	0	0	0	0
pos_24-8	0	0	0	0	0	0	0	0	0	0	0	0	0	0	0	0	0	0	0	0
pos_24-9	0	0	0	0	0	0	106	0	0	0	0	0	0	0	0	0	0	0	0	0
pos_24-10	0	0	0	0	0	0	250	0	0	0	0	0	0	0	0	0	0	0	0	0
pos_24-11	0	0	0	0	0	0	254	0	0	0	0	0	0	0	0	0	0	0	0	0
pos_24-12	0	0	0	0	0	0	254	8	0	0	0	0	0	0	0	0	0	0	0	0
pos_24-13	0	0	0	0	0	0	191	215	0	0	0	0	0	0	0	0	0	0	0	0
pos_24-14	0	0	0	0	0	0	0	191	0	0	0	0	0	0	95	49	0	0	0	0
pos_24-15	0	0	0	0	0	0	0	7	0	0	0	0	0	25	253	253	0	0	0	0
pos_24-16	0	0	0	0	0	0	0	0	0	0	0	0	0	253	36	94	0	0	0	0
pos_24-17	0	0	0	0	0	0	0	0	0	0	0	0	0	253	0	12	0	0	0	0
pos_24-18	0	0	0	0	0	0	0	0	0	0	0	0	0	122	0	0	0	0	0	0
pos_24-19	0	0	0	0	0	0	0	0	0	0	0	0	0	0	0	0	0	0	0	0
pos_24-20	0	0	0	0	0	0	0	0	0	0	0	0	0	0	0	0	0	0	0	0
pos_24-21	0	0	0	0	0	0	0	0	0	0	0	0	0	0	0	0	0	0	0	0
pos_24-22	0	0	0	0	0	0	0	0	0	0	0	0	0	0	0	0	0	0	0	0
pos_24-23	0	0	0	0	0	0	0	0	0	0	0	0	0	0	0	0	0	0	0	0
pos_24-24	0	0	0	0	0	0	0	0	0	0	0	0	0	0	0	0	0	0	0	0
pos_24-25	0	0	0	0	0	0	0	0	0	0	0	0	0	0	0	0	0	0	0	0
pos_24-26	0	0	0	0	0	0	0	0	0	0	0	0	0	0	0	0	0	0	0	0
pos_24-27	0	0	0	0	0	0	0	0	0	0	0	0	0	0	0	0	0	0	0	0
pos_25-0	0	0	0	0	0	0	0	0	0	0	0	0	0	0	0	0	0	0	0	0
pos_25-1	0	0	0	0	0	0	0	0	0	0	0	0	0	0	0	0	0	0	0	0
pos_25-2	0	0	0	0	0	0	0	0	0	0	0	0	0	0	0	0	0	0	0	0
pos_25-3	0	0	0	0	0	0	0	0	0	0	0	0	0	0	0	0	0	0	0	0
pos_25-4	0	0	0	0	0	0	0	0	0	0	0	0	0	0	0	0	0	0	0	0
pos_25-5	0	0	0	0	0	0	0	0	0	0	0	0	0	0	0	0	0	0	0	0
pos_25-6	0	0	0	0	0	0	0	0	0	0	0	0	0	0	0	0	0	0	0	0
pos_25-7	0	0	0	0	0	0	0	0	0	0	0	0	0	0	0	0	0	0	0	0
pos_25-8	0	0	0	0	0	0	0	0	0	0	0	0	0	0	0	0	0	0	0	0
pos_25-9	0	0	0	0	0	0	0	0	0	0	0	0	0	0	0	0	0	0	0	0
pos_25-10	0	0	0	0	0	0	125	0	0	0	0	0	0	0	0	0	0	0	0	0
pos_25-11	0	0	0	0	0	0	254	0	0	0	0	0	0	0	0	0	0	0	0	0
pos_25-12	0	0	0	0	0	0	228	0	0	0	0	0	0	0	0	0	0	0	0	0
pos_25-13	0	0	0	0	0	0	38	0	0	0	0	0	0	0	0	0	0	0	0	0
pos_25-14	0	0	0	0	0	0	0	0	0	0	0	0	0	0	0	0	0	0	0	0
pos_25-15	0	0	0	0	0	0	0	0	0	0	0	0	0	25	0	95	0	0	0	0
pos_25-16	0	0	0	0	0	0	0	0	0	0	0	0	0	253	0	92	0	0	0	0
pos_25-17	0	0	0	0	0	0	0	0	0	0	0	0	0	253	0	0	0	0	0	0
pos_25-18	0	0	0	0	0	0	0	0	0	0	0	0	0	160	0	0	0	0	0	0
pos_25-19	0	0	0	0	0	0	0	0	0	0	0	0	0	10	0	0	0	0	0	0
pos_25-20	0	0	0	0	0	0	0	0	0	0	0	0	0	0	0	0	0	0	0	0
pos_25-21	0	0	0	0	0	0	0	0	0	0	0	0	0	0	0	0	0	0	0	0
pos_25-22	0	0	0	0	0	0	0	0	0	0	0	0	0	0	0	0	0	0	0	0
pos_25-23	0	0	0	0	0	0	0	0	0	0	0	0	0	0	0	0	0	0	0	0
pos_25-24	0	0	0	0	0	0	0	0	0	0	0	0	0	0	0	0	0	0	0	0
pos_25-25	0	0	0	0	0	0	0	0	0	0	0	0	0	0	0	0	0	0	0	0
pos_25-26	0	0	0	0	0	0	0	0	0	0	0	0	0	0	0	0	0	0	0	0
pos_25-27	0	0	0	0	0	0	0	0	0	0	0	0	0	0	0	0	0	0	0	0
pos_26-0	0	0	0	0	0	0	0	0	0	0	0	0	0	0	0	0	0	0	0	0
pos_26-1	0	0	0	0	0	0	0	0	0	0	0	0	0	0	0	0	0	0	0	0
pos_26-2	0	0	0	0	0	0	0	0	0	0	0	0	0	0	0	0	0	0	0	0
pos_26-3	0	0	0	0	0	0	0	0	0	0	0	0	0	0	0	0	0	0	0	0
pos_26-4	0	0	0	0	0	0	0	0	0	0	0	0	0	0	0	0	0	0	0	0
pos_26-5	0	0	0	0	0	0	0	0	0	0	0	0	0	0	0	0	0	0	0	0
pos_26-6	0	0	0	0	0	0	0	0	0	0	0	0	0	0	0	0	0	0	0	0
pos_26-7	0	0	0	0	0	0	0	0	0	0	0	0	0	0	0	0	0	0	0	0
pos_26-8	0	0	0	0	0	0	0	0	0	0	0	0	0	0	0	0	0	0	0	0
pos_26-9	0	0	0	0	0	0	0	0	0	0	0	0	0	0	0	0	0	0	0	0
pos_26-10	0	0	0	0	0	0	0	0	0	0	0	0	0	0	0	0	0	0	0	0
pos_26-11	0	0	0	0	0	0	0	0	0	0	0	0	0	0	0	0	0	0	0	0
pos_26-12	0	0	0	0	0	0	0	0	0	0	0	0	0	0	0	0	0	0	0	0
pos_26-13	0	0	0	0	0	0	0	0	0	0	0	0	0	0	0	0	0	0	0	0
pos_26-14	0	0	0	0	0	0	0	0	0	0	0	0	0	0	0	0	0	0	0	0
pos_26-15	0	0	0	0	0	0	0	0	0	0	0	0	0	25	0	0	0	0	0	0
pos_26-16	0	0	0	0	0	0	0	0	0	0	0	0	0	253	0	0	0	0	0	0
pos_26-17	0	0	0	0	0	0	0	0	0	0	0	0	0	253	0	0	0	0	0	0
pos_26-18	0	0	0	0	0	0	0	0	0	0	0	0	0	167	0	0	0	0	0	0
pos_26-19	0	0	0	0	0	0	0	0	0	0	0	0	0	11	0	0	0	0	0	0
pos_26-20	0	0	0	0	0	0	0	0	0	0	0	0	0	0	0	0	0	0	0	0
pos_26-21	0	0	0	0	0	0	0	0	0	0	0	0	0	0	0	0	0	0	0	0
pos_26-22	0	0	0	0	0	0	0	0	0	0	0	0	0	0	0	0	0	0	0	0
pos_26-23	0	0	0	0	0	0	0	0	0	0	0	0	0	0	0	0	0	0	0	0
pos_26-24	0	0	0	0	0	0	0	0	0	0	0	0	0	0	0	0	0	0	0	0
pos_26-25	0	0	0	0	0	0	0	0	0	0	0	0	0	0	0	0	0	0	0	0
pos_26-26	0	0	0	0	0	0	0	0	0	0	0	0	0	0	0	0	0	0	0	0
pos_26-27	0	0	0	0	0	0	0	0	0	0	0	0	0	0	0	0	0	0	0	0
pos_27-0	0	0	0	0	0	0	0	0	0	0	0	0	0	0	0	0	0	0	0	0
pos_27-1	0	0	0	0	0	0	0	0	0	0	0	0	0	0	0	0	0	0	0	0
pos_27-2	0	0	0	0	0	0	0	0	0	0	0	0	0	0	0	0	0	0	0	0
pos_27-3	0	0	0	0	0	0	0	0	0	0	0	0	0	0	0	0	0	0	0	0
pos_27-4	0	0	0	0	0	0	0	0	0	0	0	0	0	0	0	0	0	0	0	0
pos_27-5	0	0	0	0	0	0	0	0	0	0	0	0	0	0	0	0	0	0	0	0
pos_27-6	0	0	0	0	0	0	0	0	0	0	0	0	0	0	0	0	0	0	0	0
pos_27-7	0	0	0	0	0	0	0	0	0	0	0	0	0	0	0	0	0	0	0	0
pos_27-8	0	0	0	0	0	0	0	0	0	0	0	0	0	0	0	0	0	0	0	0
pos_27-9	0	0	0	0	0	0	0	0	0	0	0	0	0	0	0	0	0	0	0	0
pos_27-10	0	0	0	0	0	0	0	0	0	0	0	0	0	0	0	0	0	0	0	0
pos_27-11	0	0	0	0	0	0	0	0	0	0	0	0	0	0	0	0	0	0	0	0
pos_27-12	0	0	0	0	0	0	0	0	0	0	0	0	0	0	0	0	0	0	0	0
pos_27-13	0	0	0	0	0	0	0	0	0	0	0	0	0	0	0	0	0	0	0	0
pos_27-14	0	0	0	0	0	0	0	0	0	0	0	0	0	0	0	0	0	0	0	0
pos_27-15	0	0	0	0	0	0	0	0	0	0	0	0	0	0	0	0	0	0	0	0
pos_27-16	0	0	0	0	0	0	0	0	0	0	0	0	0	0	0	0	0	0	0	0
pos_27-17	0	0	0	0	0	0	0	0	0	0	0	0	0	0	0	0	0	0	0	0
pos_27-18	0	0	0	0	0	0	0	0	0	0	0	0	0	0	0	0	0	0	0	0
pos_27-19	0	0	0	0	0	0	0	0	0	0	0	0	0	0	0	0	0	0	0	0
pos_27-20	0	0	0	0	0	0	0	0	0	0	0	0	0	0	0	0	0	0	0	0
pos_27-21	0	0	0	0	0	0	0	0	0	0	0	0	0	0	0	0	0	0	0	0
pos_27-22	0	0	0	0	0	0	0	0	0	0	0	0	0	0	0	0	0	0	0	0
pos_27-23	0	0	0	0	0	0	0	0	0	0	0	0	0	0	0	0	0	0	0	0
pos_27-24	0	0	0	0	0	0	0	0	0	0	0	0	0	0	0	0	0	0	0	0
pos_27-25	0	0	0	0	0	0	0	0	0	0	0	0	0	0	0	0	0	0	0	0
pos_27-26	0	0	0	0	0	0	0	0	0	0	0	0	0	0	0	0	0	0	0	0
pos_27-27	0	0	0	0	0	0	0	0	0	0	0	0	0	0	0	0	0	0	0	0
