	('Numbers: Four-12', 'Digit: Four')	('Numbers: Two-8', 'Digit: Two')	('Numbers: Six-4', 'Digit: Six')	('Numbers: Zero-26', 'Digit: Zero')	('Numbers: Three-21', 'Digit: Three')	('Numbers: Four-6', 'Digit: Four')	('Numbers: Eight-0', 'Digit: Eight')	('Numbers: Seven-10', 'Digit: Seven')	('Numbers: Zero-18', 'Digit: Zero')	('Numbers: Nine-22', 'Digit: Nine')	('Numbers: Eight-28', 'Digit: Eight')	('Numbers: Two-6', 'Digit: Two')	('Numbers: Eight-2', 'Digit: Eight')	('Numbers: Seven-26', 'Digit: Seven')	('Numbers: Two-13', 'Digit: Two')	('Numbers: Five-18', 'Digit: Five')	('Numbers: Three-6', 'Digit: Three')	('Numbers: Four-26', 'Digit: Four')	('Numbers: Nine-0', 'Digit: Nine')	('Numbers: Eight-18', 'Digit: Eight')
('Pixels: pos_0-0', 'Center: 39.5979797464')	0	0	0	0	0	0	0	0	0	0	0	0	0	0	0	0	0	0	0	0
('Pixels: pos_0-1', 'Center: 38.5979797464')	0	0	0	0	0	0	0	0	0	0	0	0	0	0	0	0	0	0	0	0
('Pixels: pos_0-2', 'Center: 37.5979797464')	0	0	0	0	0	0	0	0	0	0	0	0	0	0	0	0	0	0	0	0
('Pixels: pos_0-3', 'Center: 36.5979797464')	0	0	0	0	0	0	0	0	0	0	0	0	0	0	0	0	0	0	0	0
('Pixels: pos_0-4', 'Center: 35.5979797464')	0	0	0	0	0	0	0	0	0	0	0	0	0	0	0	0	0	0	0	0
('Pixels: pos_0-5', 'Center: 34.5979797464')	0	0	0	0	0	0	0	0	0	0	0	0	0	0	0	0	0	0	0	0
('Pixels: pos_0-6', 'Center: 33.5979797464')	0	0	0	0	0	0	0	0	0	0	0	0	0	0	0	0	0	0	0	0
('Pixels: pos_0-7', 'Center: 32.5979797464')	0	0	0	0	0	0	0	0	0	0	0	0	0	0	0	0	0	0	0	0
('Pixels: pos_0-8', 'Center: 31.5979797464')	0	0	0	0	0	0	0	0	0	0	0	0	0	0	0	0	0	0	0	0
('Pixels: pos_0-9', 'Center: 30.5979797464')	0	0	0	0	0	0	0	0	0	0	0	0	0	0	0	0	0	0	0	0
('Pixels: pos_0-10', 'Center: 29.5979797464')	0	0	0	0	0	0	0	0	0	0	0	0	0	0	0	0	0	0	0	0
('Pixels: pos_0-11', 'Center: 28.5979797464')	0	0	0	0	0	0	0	0	0	0	0	0	0	0	0	0	0	0	0	0
('Pixels: pos_0-12', 'Center: 27.5979797464')	0	0	0	0	0	0	0	0	0	0	0	0	0	0	0	0	0	0	0	0
('Pixels: pos_0-13', 'Center: 26.5979797464')	0	0	0	0	0	0	0	0	0	0	0	0	0	0	0	0	0	0	0	0
('Pixels: pos_0-14', 'Center: 25.5979797464')	0	0	0	0	0	0	0	0	0	0	0	0	0	0	0	0	0	0	0	0
('Pixels: pos_0-15', 'Center: 24.5979797464')	0	0	0	0	0	0	0	0	0	0	0	0	0	0	0	0	0	0	0	0
('Pixels: pos_0-16', 'Center: 23.5979797464')	0	0	0	0	0	0	0	0	0	0	0	0	0	0	0	0	0	0	0	0
('Pixels: pos_0-17', 'Center: 22.5979797464')	0	0	0	0	0	0	0	0	0	0	0	0	0	0	0	0	0	0	0	0
('Pixels: pos_0-18', 'Center: 21.5979797464')	0	0	0	0	0	0	0	0	0	0	0	0	0	0	0	0	0	0	0	0
('Pixels: pos_0-19', 'Center: 20.5979797464')	0	0	0	0	0	0	0	0	0	0	0	0	0	0	0	0	0	0	0	0
('Pixels: pos_0-20', 'Center: 19.5979797464')	0	0	0	0	0	0	0	0	0	0	0	0	0	0	0	0	0	0	0	0
('Pixels: pos_0-21', 'Center: 18.5979797464')	0	0	0	0	0	0	0	0	0	0	0	0	0	0	0	0	0	0	0	0
('Pixels: pos_0-22', 'Center: 17.5979797464')	0	0	0	0	0	0	0	0	0	0	0	0	0	0	0	0	0	0	0	0
('Pixels: pos_0-23', 'Center: 16.5979797464')	0	0	0	0	0	0	0	0	0	0	0	0	0	0	0	0	0	0	0	0
('Pixels: pos_0-24', 'Center: 15.5979797464')	0	0	0	0	0	0	0	0	0	0	0	0	0	0	0	0	0	0	0	0
('Pixels: pos_0-25', 'Center: 14.5979797464')	0	0	0	0	0	0	0	0	0	0	0	0	0	0	0	0	0	0	0	0
('Pixels: pos_0-26', 'Center: 13.5979797464')	0	0	0	0	0	0	0	0	0	0	0	0	0	0	0	0	0	0	0	0
('Pixels: pos_0-27', 'Center: 12.5979797464')	0	0	0	0	0	0	0	0	0	0	0	0	0	0	0	0	0	0	0	0
('Pixels: pos_1-0', 'Center: 38.5979797464')	0	0	0	0	0	0	0	0	0	0	0	0	0	0	0	0	0	0	0	0
('Pixels: pos_1-1', 'Center: 38.1837661841')	0	0	0	0	0	0	0	0	0	0	0	0	0	0	0	0	0	0	0	0
('Pixels: pos_1-2', 'Center: 37.3619117689')	0	0	0	0	0	0	0	0	0	0	0	0	0	0	0	0	0	0	0	0
('Pixels: pos_1-3', 'Center: 36.4357020863')	0	0	0	0	0	0	0	0	0	0	0	0	0	0	0	0	0	0	0	0
('Pixels: pos_1-4', 'Center: 35.4748741208')	0	0	0	0	0	0	0	0	0	0	0	0	0	0	0	0	0	0	0	0
('Pixels: pos_1-5', 'Center: 34.4989602329')	0	0	0	0	0	0	0	0	0	0	0	0	0	0	0	0	0	0	0	0
('Pixels: pos_1-6', 'Center: 33.5152172161')	0	0	0	0	0	0	0	0	0	0	0	0	0	0	0	0	0	0	0	0
('Pixels: pos_1-7', 'Center: 32.5269119346')	0	0	0	0	0	0	0	0	0	0	0	0	0	0	0	0	0	0	0	0
('Pixels: pos_1-8', 'Center: 31.5357219981')	0	0	0	0	0	0	0	0	0	0	0	0	0	0	0	0	0	0	0	0
('Pixels: pos_1-9', 'Center: 30.5425946083')	0	0	0	0	0	0	0	0	0	0	0	0	0	0	0	0	0	0	0	0
('Pixels: pos_1-10', 'Center: 29.5481041253')	0	0	0	0	0	0	0	0	0	0	0	0	0	0	0	0	0	0	0	0
('Pixels: pos_1-11', 'Center: 28.5526187293')	0	0	0	0	0	0	0	0	0	0	0	0	0	0	0	0	0	0	0	0
('Pixels: pos_1-12', 'Center: 27.5563851677')	0	0	0	0	0	0	0	0	0	0	0	0	0	0	0	0	0	0	0	0
('Pixels: pos_1-13', 'Center: 26.559574936')	0	0	0	0	0	0	0	0	0	0	0	0	0	0	0	0	0	0	0	0
('Pixels: pos_1-14', 'Center: 25.5623108988')	0	0	0	0	0	0	0	0	0	0	0	0	0	0	0	0	0	0	0	0
('Pixels: pos_1-15', 'Center: 24.5646833681')	0	0	0	0	0	0	0	0	0	0	0	0	0	0	0	0	0	0	0	0
('Pixels: pos_1-16', 'Center: 23.5667602046')	0	0	0	0	0	0	0	0	0	0	0	0	0	0	0	0	0	0	0	0
('Pixels: pos_1-17', 'Center: 22.5685933805')	0	0	0	0	0	0	0	0	0	0	0	0	0	0	0	0	0	0	0	0
('Pixels: pos_1-18', 'Center: 21.5702233691')	0	0	0	0	0	0	0	0	0	0	0	0	0	0	0	0	0	0	0	0
('Pixels: pos_1-19', 'Center: 20.571682156')	0	0	0	0	0	0	0	0	0	0	0	0	0	0	0	0	0	0	0	0
('Pixels: pos_1-20', 'Center: 19.5729953519')	0	0	0	0	0	0	0	0	0	0	0	0	0	0	0	0	0	0	0	0
('Pixels: pos_1-21', 'Center: 18.5741837048')	0	0	0	0	0	0	0	0	0	0	0	0	0	0	0	0	0	0	0	0
('Pixels: pos_1-22', 'Center: 17.5752642009')	0	0	0	0	0	0	0	0	0	0	0	0	0	0	0	0	0	0	0	0
('Pixels: pos_1-23', 'Center: 16.57625088')	0	0	0	0	0	0	0	0	0	0	0	0	0	0	0	0	0	0	0	0
('Pixels: pos_1-24', 'Center: 15.5771554475')	0	0	0	0	0	0	0	0	0	0	0	0	0	0	0	0	0	0	0	0
('Pixels: pos_1-25', 'Center: 14.5779877401')	0	0	0	0	0	0	0	0	0	0	0	0	0	0	0	0	0	0	0	0
('Pixels: pos_1-26', 'Center: 13.5787560839')	0	0	0	0	0	0	0	0	0	0	0	0	0	0	0	0	0	0	0	0
('Pixels: pos_1-27', 'Center: 12.5794675742')	0	0	0	0	0	0	0	0	0	0	0	0	0	0	0	0	0	0	0	0
('Pixels: pos_2-0', 'Center: 37.5979797464')	0	0	0	0	0	0	0	0	0	0	0	0	0	0	0	0	0	0	0	0
('Pixels: pos_2-1', 'Center: 37.3619117689')	0	0	0	0	0	0	0	0	0	0	0	0	0	0	0	0	0	0	0	0
('Pixels: pos_2-2', 'Center: 36.7695526217')	0	0	0	0	0	0	0	0	0	0	0	0	0	0	0	0	0	0	0	0
('Pixels: pos_2-3', 'Center: 35.992428471')	0	0	0	0	0	0	0	0	0	0	0	0	0	0	0	0	0	0	0	0
('Pixels: pos_2-4', 'Center: 35.1258437914')	0	0	0	0	0	0	0	0	0	0	0	0	0	0	0	0	0	0	0	0
('Pixels: pos_2-5', 'Center: 34.2128149393')	0	0	0	0	0	0	0	0	0	0	0	0	0	0	0	0	0	0	0	0
('Pixels: pos_2-6', 'Center: 33.2734244261')	0	0	0	0	0	0	0	0	0	0	0	0	0	0	0	0	0	0	0	0
('Pixels: pos_2-7', 'Center: 32.3178698572')	0	0	0	0	0	0	0	0	0	0	0	0	0	0	0	0	0	0	0	0
('Pixels: pos_2-8', 'Center: 31.3517684952')	0	0	0	0	0	0	0	0	0	0	0	0	0	0	0	0	0	0	0	0
('Pixels: pos_2-9', 'Center: 30.3784352892')	0	0	0	0	0	0	0	0	0	0	0	0	0	0	0	0	0	0	0	0
('Pixels: pos_2-10', 'Center: 29.3999407193')	0	0	0	0	0	0	0	0	0	0	0	0	0	0	0	0	0	0	0	0
('Pixels: pos_2-11', 'Center: 28.4176398589')	0	0	0	0	0	0	0	0	0	0	0	0	0	0	0	0	0	0	0	0
('Pixels: pos_2-12', 'Center: 27.4324546859')	0	0	0	0	0	0	0	0	0	0	0	0	0	0	0	0	0	0	0	0
('Pixels: pos_2-13', 'Center: 26.4450333085')	0	0	0	0	0	0	0	0	0	0	0	0	0	0	0	0	0	0	0	0
('Pixels: pos_2-14', 'Center: 25.4558441227')	0	0	0	0	0	0	0	0	0	0	0	0	0	0	0	0	0	0	0	0
('Pixels: pos_2-15', 'Center: 24.465233796')	0	0	0	0	0	0	0	0	0	0	0	0	0	0	0	0	0	0	0	0
('Pixels: pos_2-16', 'Center: 23.4734642498')	0	0	0	0	0	0	0	0	0	0	0	0	0	0	0	0	0	0	0	0
('Pixels: pos_2-17', 'Center: 22.4807369778')	0	0	0	0	0	0	0	0	0	0	0	0	0	0	0	0	0	0	0	0
('Pixels: pos_2-18', 'Center: 21.4872094702')	0	0	0	0	0	0	0	0	0	0	0	0	0	0	0	0	0	0	0	0
('Pixels: pos_2-19', 'Center: 20.4930065719')	0	0	0	0	0	0	0	0	0	0	0	0	0	0	0	0	0	0	0	0
('Pixels: pos_2-20', 'Center: 19.4982285042')	0	0	0	0	0	0	0	0	0	0	0	0	0	0	0	0	0	0	0	0
('Pixels: pos_2-21', 'Center: 18.5029566367')	0	0	0	0	0	0	0	0	0	0	0	0	0	0	0	0	0	0	0	0
('Pixels: pos_2-22', 'Center: 17.5072577121')	0	0	0	0	0	0	0	0	0	0	0	0	0	0	0	0	0	0	0	0
('Pixels: pos_2-23', 'Center: 16.5111869852')	0	0	0	0	0	0	0	0	0	0	0	0	0	0	0	0	0	0	0	0
('Pixels: pos_2-24', 'Center: 15.5147905889')	0	0	0	0	0	0	0	0	0	0	0	0	0	0	0	0	0	0	0	0
('Pixels: pos_2-25', 'Center: 14.5181073385')	0	0	0	0	0	0	0	0	0	0	0	0	0	0	0	0	0	0	0	0
('Pixels: pos_2-26', 'Center: 13.5211701256')	0	0	0	0	0	0	0	0	0	0	0	0	0	0	0	0	0	0	0	0
('Pixels: pos_2-27', 'Center: 12.5240070051')	0	0	0	0	0	0	0	0	0	0	0	0	0	0	0	0	0	0	0	0
('Pixels: pos_3-0', 'Center: 36.5979797464')	0	0	0	0	0	0	0	0	0	0	0	0	0	0	0	0	0	0	0	0
('Pixels: pos_3-1', 'Center: 36.4357020863')	0	0	0	0	0	0	0	0	0	0	0	0	0	0	0	0	0	0	0	0
('Pixels: pos_3-2', 'Center: 35.992428471')	0	0	0	0	0	0	0	0	0	0	0	0	0	0	0	0	0	0	0	0
('Pixels: pos_3-3', 'Center: 35.3553390593')	0	0	0	0	0	0	0	0	0	0	0	0	0	0	0	0	0	0	0	0
('Pixels: pos_3-4', 'Center: 34.5979797464')	0	0	0	0	0	0	0	0	0	0	0	0	0	0	0	0	0	0	0	0
('Pixels: pos_3-5', 'Center: 33.7670278516')	0	0	0	0	0	0	0	0	0	0	0	0	0	0	0	0	0	0	0	0
('Pixels: pos_3-6', 'Center: 32.8897758139')	0	0	0	0	0	0	0	0	0	0	0	0	0	0	0	0	0	0	0	0
('Pixels: pos_3-7', 'Center: 31.9822066406')	0	0	0	0	0	0	0	0	0	0	0	0	0	0	0	0	0	0	0	0
('Pixels: pos_3-8', 'Center: 31.0539760011')	0	0	0	0	0	0	0	0	0	0	0	0	0	0	0	0	0	0	0	0
('Pixels: pos_3-9', 'Center: 30.1111467659')	0	0	0	0	0	0	0	0	0	0	0	0	0	0	0	0	0	0	0	0
('Pixels: pos_3-10', 'Center: 29.1576732375')	0	0	0	0	0	0	0	0	0	0	0	0	0	0	0	0	0	0	0	0
('Pixels: pos_3-11', 'Center: 28.1962254955')	0	0	0	0	0	0	0	0	0	0	0	0	0	0	0	0	0	0	0	0
('Pixels: pos_3-12', 'Center: 27.2286628696')	0	0	0	0	0	0	0	0	0	0	0	0	0	0	0	0	0	0	0	0
('Pixels: pos_3-13', 'Center: 26.2563156823')	0	0	0	0	0	0	0	0	0	0	0	0	0	0	0	0	0	0	0	0
('Pixels: pos_3-14', 'Center: 25.2801586832')	0	0	0	0	0	0	0	0	0	0	0	0	0	0	0	0	0	0	0	0
('Pixels: pos_3-15', 'Center: 24.3009212057')	0	0	0	0	0	0	0	0	0	0	0	0	0	0	0	0	0	0	0	0
('Pixels: pos_3-16', 'Center: 23.3191591503')	0	0	0	88	0	0	0	0	0	0	0	0	0	0	0	0	0	0	0	0
('Pixels: pos_3-17', 'Center: 22.3353032448')	0	0	0	127	0	0	0	0	0	0	0	0	0	0	0	0	0	0	0	0
('Pixels: pos_3-18', 'Center: 21.3496921556')	0	0	0	5	0	0	0	0	0	0	0	0	0	0	0	0	0	0	0	0
('Pixels: pos_3-19', 'Center: 20.3625956848')	0	0	0	0	0	0	0	0	0	0	0	0	0	0	0	0	0	0	0	0
('Pixels: pos_3-20', 'Center: 19.3742313303')	0	0	0	0	0	0	0	0	0	0	0	0	0	0	0	0	0	0	0	0
('Pixels: pos_3-21', 'Center: 18.3847763109')	0	0	0	0	0	0	0	0	0	0	0	0	0	0	0	0	0	0	0	0
('Pixels: pos_3-22', 'Center: 17.3943764353')	0	0	0	0	0	0	0	0	0	0	0	0	0	0	0	0	0	0	0	0
('Pixels: pos_3-23', 'Center: 16.403152737')	0	0	0	0	0	0	0	0	0	0	0	0	0	0	0	0	0	0	0	0
('Pixels: pos_3-24', 'Center: 15.4112065016')	0	0	0	0	0	0	0	0	0	0	0	0	0	0	0	0	0	0	0	0
('Pixels: pos_3-25', 'Center: 14.4186231224')	0	0	0	0	0	0	0	0	0	0	0	0	0	0	0	0	0	0	0	0
('Pixels: pos_3-26', 'Center: 13.4254750898')	0	0	0	0	0	0	0	0	0	0	0	0	0	0	0	0	0	0	0	0
('Pixels: pos_3-27', 'Center: 12.431824332')	0	0	0	0	0	0	0	0	0	0	0	0	0	0	0	0	0	0	0	0
('Pixels: pos_4-0', 'Center: 35.5979797464')	0	0	0	0	0	0	0	0	0	0	0	0	0	0	0	0	0	0	0	0
('Pixels: pos_4-1', 'Center: 35.4748741208')	0	0	0	0	0	0	0	0	0	0	0	0	0	0	0	0	0	0	0	0
('Pixels: pos_4-2', 'Center: 35.1258437914')	0	0	0	0	0	0	0	0	0	0	0	0	0	0	0	0	0	0	0	0
('Pixels: pos_4-3', 'Center: 34.5979797464')	0	0	0	0	0	0	0	0	0	0	0	0	0	0	0	0	0	0	0	0
('Pixels: pos_4-4', 'Center: 33.941125497')	0	0	0	0	0	0	0	0	0	0	0	0	0	0	0	0	0	0	0	0
('Pixels: pos_4-5', 'Center: 33.194855509')	0	0	0	0	0	0	0	0	0	0	0	0	0	0	0	0	0	0	0	0
('Pixels: pos_4-6', 'Center: 32.3868771955')	0	0	0	0	0	0	0	0	0	0	0	0	0	0	0	0	0	0	0	0
('Pixels: pos_4-7', 'Center: 31.5357219981')	0	0	0	0	0	0	0	0	0	0	0	0	0	0	0	0	0	0	0	0
('Pixels: pos_4-8', 'Center: 30.6537078364')	0	0	0	0	0	0	0	0	0	0	0	0	0	0	0	0	0	0	0	0
('Pixels: pos_4-9', 'Center: 29.7491219447')	0	0	0	0	0	0	0	0	0	0	0	0	0	0	0	0	0	0	0	0
('Pixels: pos_4-10', 'Center: 28.8276501322')	0	0	0	0	0	0	0	0	0	0	0	0	0	0	0	0	0	0	0	0
('Pixels: pos_4-11', 'Center: 27.8932798357')	0	0	0	0	0	0	0	0	0	0	0	0	0	0	0	20	0	0	0	0
('Pixels: pos_4-12', 'Center: 26.9488691058')	0	0	0	0	0	0	0	0	0	0	0	0	0	0	0	121	0	0	0	0
('Pixels: pos_4-13', 'Center: 25.9965092377')	0	0	2	19	0	0	0	0	0	0	0	0	0	0	0	121	0	0	0	0
('Pixels: pos_4-14', 'Center: 25.0377599679')	0	0	128	58	0	0	0	0	0	0	0	0	0	0	0	121	0	0	0	0
('Pixels: pos_4-15', 'Center: 24.0738050502')	0	0	255	20	0	0	0	0	0	0	0	0	0	0	0	64	0	0	0	0
('Pixels: pos_4-16', 'Center: 23.105557244')	0	0	120	14	0	0	0	0	0	0	0	0	0	0	0	0	0	0	0	0
('Pixels: pos_4-17', 'Center: 22.1337305499')	0	0	0	217	0	0	0	0	0	0	0	0	0	0	0	0	0	0	0	0
('Pixels: pos_4-18', 'Center: 21.1588908319')	0	0	0	19	0	0	0	0	0	0	0	0	0	0	0	0	0	0	0	0
('Pixels: pos_4-19', 'Center: 20.1814919075')	0	0	0	0	0	0	0	0	0	0	0	0	116	0	0	96	0	0	0	0
('Pixels: pos_4-20', 'Center: 19.2019016921')	0	0	0	0	0	0	0	0	0	0	0	0	244	0	0	121	0	0	0	0
('Pixels: pos_4-21', 'Center: 18.22042142')	0	0	0	0	0	0	0	0	0	0	0	0	114	0	0	211	0	0	0	0
('Pixels: pos_4-22', 'Center: 17.2372999714')	0	0	0	0	0	0	0	0	0	0	0	0	0	0	0	253	0	0	0	0
('Pixels: pos_4-23', 'Center: 16.2527446866')	0	0	0	0	0	0	0	0	0	0	0	0	0	0	0	107	0	0	0	0
('Pixels: pos_4-24', 'Center: 15.2669296253')	0	0	0	0	0	0	0	0	0	0	0	0	0	0	0	0	0	0	0	0
('Pixels: pos_4-25', 'Center: 14.2800019441')	0	0	0	0	0	0	0	0	0	0	0	0	0	0	0	0	0	0	0	0
('Pixels: pos_4-26', 'Center: 13.2920868705')	0	0	0	0	0	0	0	0	0	0	0	0	0	0	0	0	0	0	0	0
('Pixels: pos_4-27', 'Center: 12.3032916185')	0	0	0	0	0	0	0	0	0	0	0	0	0	0	0	0	0	0	0	0
('Pixels: pos_5-0', 'Center: 34.5979797464')	0	0	0	0	0	0	0	0	0	0	0	0	0	0	0	0	0	0	0	0
('Pixels: pos_5-1', 'Center: 34.4989602329')	0	0	0	0	0	0	0	0	0	0	0	0	0	0	0	0	0	0	0	0
('Pixels: pos_5-2', 'Center: 34.2128149393')	0	0	0	0	0	0	0	0	0	0	0	0	0	0	0	0	0	0	0	0
('Pixels: pos_5-3', 'Center: 33.7670278516')	0	0	0	0	0	0	0	0	0	0	0	0	0	0	0	0	0	0	0	0
('Pixels: pos_5-4', 'Center: 33.194855509')	0	0	0	0	0	0	0	0	0	0	0	0	0	0	0	0	0	0	0	0
('Pixels: pos_5-5', 'Center: 32.5269119346')	0	0	0	0	0	0	0	0	0	0	0	0	0	0	0	0	0	0	0	0
('Pixels: pos_5-6', 'Center: 31.7877300705')	0	0	0	0	0	0	0	0	0	0	0	0	0	0	0	0	0	0	0	0
('Pixels: pos_5-7', 'Center: 30.9956544794')	0	0	0	0	0	0	0	0	0	0	0	0	0	0	0	0	0	0	0	0
('Pixels: pos_5-8', 'Center: 30.1639986144')	0	9	0	0	0	0	0	0	0	0	4	0	0	0	0	0	0	0	0	0
('Pixels: pos_5-9', 'Center: 29.3023496055')	0	7	0	0	0	53	0	0	0	0	29	0	0	0	0	121	0	0	0	0
('Pixels: pos_5-10', 'Center: 28.4176398589')	0	13	0	0	0	0	0	0	0	0	66	0	0	0	0	240	0	0	0	0
('Pixels: pos_5-11', 'Center: 27.5149337729')	0	117	0	7	0	0	0	0	0	0	141	0	0	0	0	242	0	0	0	0
('Pixels: pos_5-12', 'Center: 26.5979797464')	0	191	33	146	0	0	0	0	0	0	204	0	0	0	0	252	63	0	0	64
('Pixels: pos_5-13', 'Center: 25.6695914693')	0	76	162	247	0	0	0	0	0	0	253	0	0	0	0	252	114	0	0	255
('Pixels: pos_5-14', 'Center: 24.7319109991')	0	7	253	253	0	0	0	0	0	0	253	0	43	0	0	252	238	0	0	255
('Pixels: pos_5-15', 'Center: 23.7865914456')	0	6	253	235	0	0	0	0	0	0	253	0	47	0	15	247	253	0	0	255
('Pixels: pos_5-16', 'Center: 22.8349251322')	0	0	179	27	0	0	0	0	0	0	255	0	47	0	47	240	253	0	0	255
('Pixels: pos_5-17', 'Center: 21.8779345998')	0	0	0	84	0	0	0	0	0	0	253	0	34	0	24	121	253	0	0	255
('Pixels: pos_5-18', 'Center: 20.9164380542')	0	0	0	81	0	0	0	0	0	0	231	0	0	0	0	219	255	0	0	255
('Pixels: pos_5-19', 'Center: 19.9510970421')	0	0	0	0	0	84	11	0	0	0	225	0	116	0	0	249	27	0	0	191
('Pixels: pos_5-20', 'Center: 18.9824516184')	0	0	0	0	0	21	203	0	0	0	229	0	253	0	0	252	0	0	0	0
('Pixels: pos_5-21', 'Center: 18.0109466015')	0	0	0	0	0	0	229	0	0	0	110	0	206	0	0	235	0	0	0	0
('Pixels: pos_5-22', 'Center: 17.0369514011')	8	0	0	0	0	0	32	0	0	0	0	0	0	0	0	131	0	0	0	0
('Pixels: pos_5-23', 'Center: 16.0607751546')	130	0	0	0	0	0	0	0	0	0	0	0	0	0	0	6	0	0	0	0
('Pixels: pos_5-24', 'Center: 15.0826784022')	173	0	0	0	0	0	0	0	0	0	0	0	0	0	0	0	0	0	0	0
('Pixels: pos_5-25', 'Center: 14.1028821785')	234	0	0	0	0	0	0	0	0	0	0	0	0	0	0	0	0	0	0	0
('Pixels: pos_5-26', 'Center: 13.1215751567')	0	0	0	0	0	0	0	0	0	0	0	0	0	0	0	0	0	0	0	0
('Pixels: pos_5-27', 'Center: 12.138919311')	0	0	0	0	0	0	0	0	0	0	0	0	0	0	0	0	0	0	0	0
('Pixels: pos_6-0', 'Center: 33.5979797464')	0	0	0	0	0	0	0	0	0	0	0	0	0	0	0	0	0	0	0	0
('Pixels: pos_6-1', 'Center: 33.5152172161')	0	0	0	0	0	0	0	0	0	0	0	0	0	0	0	0	0	0	0	0
('Pixels: pos_6-2', 'Center: 33.2734244261')	0	0	0	0	0	0	0	0	0	0	0	0	0	0	0	0	0	0	0	0
('Pixels: pos_6-3', 'Center: 32.8897758139')	0	0	0	0	0	0	0	0	0	0	0	0	0	0	0	0	0	0	0	0
('Pixels: pos_6-4', 'Center: 32.3868771955')	0	2	0	0	0	0	0	0	0	0	0	0	0	0	0	0	0	0	0	0
('Pixels: pos_6-5', 'Center: 31.7877300705')	0	83	0	0	0	0	0	0	0	0	0	0	0	0	0	0	0	0	0	0
('Pixels: pos_6-6', 'Center: 31.1126983722')	0	100	0	0	0	0	0	0	0	0	0	0	0	0	0	0	0	0	0	0
('Pixels: pos_6-7', 'Center: 30.3784352892')	0	145	0	0	0	0	0	0	0	0	101	0	0	0	0	0	0	0	0	0
('Pixels: pos_6-8', 'Center: 29.5979797464')	0	223	0	0	0	71	0	0	0	0	179	0	0	0	0	122	0	0	0	0
('Pixels: pos_6-9', 'Center: 28.7813259201')	0	167	0	0	0	235	0	0	0	0	252	41	0	0	143	247	0	0	0	0
('Pixels: pos_6-10', 'Center: 27.9360759568')	0	173	0	0	0	213	0	0	0	0	252	152	0	0	58	252	98	18	0	0
('Pixels: pos_6-11', 'Center: 27.0680156603')	0	253	0	126	0	5	0	0	0	0	252	152	0	0	146	252	225	8	0	64
('Pixels: pos_6-12', 'Center: 26.1815718814')	0	253	174	253	0	0	0	0	0	0	228	152	19	0	146	192	240	0	0	255
('Pixels: pos_6-13', 'Center: 25.2801586832')	0	253	253	164	97	0	0	0	32	0	214	86	164	0	146	158	253	0	0	255
('Pixels: pos_6-14', 'Center: 24.3664335347')	0	203	253	19	125	0	0	0	57	12	196	29	246	0	146	89	252	0	0	255
('Pixels: pos_6-15', 'Center: 23.442485325')	0	133	248	15	125	0	26	0	57	77	145	0	253	60	179	253	252	0	0	255
('Pixels: pos_6-16', 'Center: 22.5099722558')	0	145	105	0	125	0	47	0	57	145	84	0	252	77	253	252	252	0	0	255
('Pixels: pos_6-17', 'Center: 21.5702233691')	0	65	0	0	125	0	47	0	57	255	84	0	234	105	201	252	252	0	0	255
('Pixels: pos_6-18', 'Center: 20.6243137854')	0	7	0	156	125	88	30	0	57	231	19	0	33	221	146	222	253	0	0	255
('Pixels: pos_6-19', 'Center: 19.6731209013')	0	0	0	9	125	248	95	0	57	133	0	0	116	112	49	158	228	26	0	255
('Pixels: pos_6-20', 'Center: 18.7173667286')	0	0	0	0	125	169	254	0	57	41	60	0	253	0	0	60	225	104	0	255
('Pixels: pos_6-21', 'Center: 17.7576500786')	4	0	0	0	125	0	215	0	0	3	103	0	174	0	0	22	130	255	0	128
('Pixels: pos_6-22', 'Center: 16.7944712445')	162	0	0	0	58	0	13	0	0	0	0	0	0	0	0	0	38	200	0	0
('Pixels: pos_6-23', 'Center: 15.8282510984')	254	0	0	0	0	0	0	0	0	0	0	0	0	0	0	0	0	8	0	0
('Pixels: pos_6-24', 'Center: 14.8593459927')	231	0	0	0	0	0	0	0	0	0	0	0	0	0	0	0	0	0	0	0
('Pixels: pos_6-25', 'Center: 13.8880594821')	88	0	0	0	0	0	0	0	0	0	0	0	0	0	0	0	0	0	0	0
('Pixels: pos_6-26', 'Center: 12.9146516182')	0	0	0	0	0	0	0	0	0	0	0	0	0	0	0	0	0	0	0	0
('Pixels: pos_6-27', 'Center: 11.9393463746')	0	0	0	0	0	0	0	0	0	0	0	0	0	0	0	0	0	0	0	0
('Pixels: pos_7-0', 'Center: 32.5979797464')	0	0	0	0	0	0	0	0	0	0	0	0	0	0	0	0	0	0	0	0
('Pixels: pos_7-1', 'Center: 32.5269119346')	0	0	0	0	0	0	0	0	0	0	0	0	0	0	0	0	0	0	0	0
('Pixels: pos_7-2', 'Center: 32.3178698572')	0	0	0	0	0	0	0	0	0	0	0	0	0	0	0	0	0	0	0	0
('Pixels: pos_7-3', 'Center: 31.9822066406')	0	0	0	0	0	0	0	0	0	0	0	0	0	0	0	0	26	0	0	0
('Pixels: pos_7-4', 'Center: 31.5357219981')	0	106	0	0	0	0	0	0	0	0	0	0	0	0	0	0	6	0	0	0
('Pixels: pos_7-5', 'Center: 30.9956544794')	0	253	0	0	0	0	0	0	0	0	0	0	0	0	0	0	0	0	0	0
('Pixels: pos_7-6', 'Center: 30.3784352892')	0	253	0	0	0	0	0	0	0	0	104	0	0	0	0	0	0	0	0	0
('Pixels: pos_7-7', 'Center: 29.6984848098')	0	253	0	0	0	72	0	0	0	0	246	64	0	0	0	80	0	0	0	0
('Pixels: pos_7-8', 'Center: 28.9678339337')	0	253	0	0	0	234	0	0	0	0	253	190	0	36	143	246	0	0	0	0
('Pixels: pos_7-9', 'Center: 28.1962254955')	0	253	0	0	0	253	0	0	0	0	233	247	0	155	253	252	67	32	0	0
('Pixels: pos_7-10', 'Center: 27.3914241307')	0	253	0	0	40	253	0	0	0	0	80	254	0	242	249	136	240	244	0	0
('Pixels: pos_7-11', 'Center: 26.559574936')	0	253	38	214	226	6	45	0	67	9	56	254	60	242	253	39	252	183	0	255
('Pixels: pos_7-12', 'Center: 25.705535757')	0	253	220	222	249	0	154	0	185	25	31	254	188	242	253	15	252	0	55	255
('Pixels: pos_7-13', 'Center: 24.8331566862')	0	253	253	34	253	0	185	0	229	134	19	254	252	242	253	0	253	0	148	255
('Pixels: pos_7-14', 'Center: 23.9455039039')	0	254	253	0	254	0	185	0	252	249	0	233	252	242	253	0	252	0	210	128
('Pixels: pos_7-15', 'Center: 23.0450343892')	0	253	113	0	254	0	223	0	252	254	0	51	253	252	253	140	252	0	253	128
('Pixels: pos_7-16', 'Center: 22.1337305499')	0	253	0	0	255	0	253	0	252	253	0	0	252	254	253	218	252	0	253	128
('Pixels: pos_7-17', 'Center: 21.2132034356')	0	253	0	0	254	0	253	0	253	253	0	0	252	254	253	123	252	0	113	128
('Pixels: pos_7-18', 'Center: 20.2847718306')	0	184	0	234	254	81	133	0	252	253	0	0	45	254	253	27	253	19	87	255
('Pixels: pos_7-19', 'Center: 19.3495230151')	0	38	0	58	255	246	175	3	252	253	0	0	210	112	239	0	252	143	148	255
('Pixels: pos_7-20', 'Center: 18.408359646')	0	0	0	0	255	238	255	7	252	253	0	0	234	0	51	0	252	164	55	255
('Pixels: pos_7-21', 'Center: 17.4620361253')	107	0	0	0	254	161	188	7	185	118	0	0	17	0	0	0	252	253	0	255
('Pixels: pos_7-22', 'Center: 16.5111869852')	254	0	0	0	248	0	19	4	66	0	0	0	0	0	0	0	112	153	0	128
('Pixels: pos_7-23', 'Center: 15.5563491861')	254	0	0	0	58	0	0	0	0	0	0	0	0	0	0	0	0	0	0	0
('Pixels: pos_7-24', 'Center: 14.5979797464')	84	0	0	0	0	0	0	0	0	0	0	0	0	0	0	0	0	0	0	0
('Pixels: pos_7-25', 'Center: 13.636469775')	0	0	0	0	0	0	0	0	0	0	0	0	0	0	0	0	0	0	0	0
('Pixels: pos_7-26', 'Center: 12.6721557108')	0	0	0	0	0	0	0	0	0	0	0	0	0	0	0	0	0	0	0	0
('Pixels: pos_7-27', 'Center: 11.7053283845')	0	0	0	0	0	0	0	0	0	0	0	0	0	0	0	0	0	0	0	0
('Pixels: pos_8-0', 'Center: 31.5979797464')	0	0	0	0	0	0	0	0	0	0	0	0	0	0	0	0	0	0	0	0
('Pixels: pos_8-1', 'Center: 31.5357219981')	0	0	0	0	0	0	0	0	0	0	0	0	0	0	0	0	0	0	0	0
('Pixels: pos_8-2', 'Center: 31.3517684952')	0	0	0	0	0	0	0	0	0	0	0	0	0	0	0	0	0	0	0	0
('Pixels: pos_8-3', 'Center: 31.0539760011')	0	0	0	0	0	0	0	0	0	0	0	0	0	0	0	0	101	0	0	0
('Pixels: pos_8-4', 'Center: 30.6537078364')	0	254	0	0	0	0	0	0	0	0	0	0	0	0	0	0	24	0	0	0
('Pixels: pos_8-5', 'Center: 30.1639986144')	0	253	0	0	0	0	0	0	0	0	101	0	0	0	0	0	0	0	0	0
('Pixels: pos_8-6', 'Center: 29.5979797464')	0	253	0	0	0	11	0	0	0	0	246	0	0	0	0	0	0	0	0	0
('Pixels: pos_8-7', 'Center: 28.9678339337')	0	253	0	0	0	201	0	0	0	0	202	233	0	0	0	94	0	0	0	0
('Pixels: pos_8-8', 'Center: 28.2842712475')	0	253	0	0	44	253	0	0	0	0	241	244	0	113	146	252	0	86	0	0
('Pixels: pos_8-9', 'Center: 27.5563851677')	0	253	0	0	159	251	0	0	13	0	59	195	0	254	253	252	28	244	0	0
('Pixels: pos_8-10', 'Center: 26.7917312716')	0	253	23	59	247	147	0	0	188	11	0	135	74	238	253	198	121	253	0	0
('Pixels: pos_8-11', 'Center: 25.9965092377')	0	253	220	254	254	2	110	0	246	167	0	216	244	205	253	0	249	149	87	128
('Pixels: pos_8-12', 'Center: 25.1757746446')	0	253	253	116	254	0	253	0	252	253	0	244	252	205	253	0	239	0	232	255
('Pixels: pos_8-13', 'Center: 24.333642224')	0	253	253	0	254	0	253	0	253	253	0	254	252	174	225	0	253	0	252	128
('Pixels: pos_8-14', 'Center: 23.4734642498')	0	254	253	0	254	0	253	0	252	253	0	254	147	205	214	0	236	0	253	0
('Pixels: pos_8-15', 'Center: 22.5979797464')	0	253	61	0	254	0	246	4	252	235	0	37	148	167	214	25	204	0	189	0
('Pixels: pos_8-16', 'Center: 21.7094359264')	0	253	0	0	254	0	161	13	252	205	0	0	210	116	218	31	112	0	210	0
('Pixels: pos_8-17', 'Center: 20.8096855184')	0	253	0	0	254	0	228	120	241	171	0	0	22	208	253	0	189	0	252	0
('Pixels: pos_8-18', 'Center: 19.9002641429')	0	253	0	235	254	0	253	137	139	217	0	0	140	254	253	0	253	30	252	0
('Pixels: pos_8-19', 'Center: 18.9824516184')	0	140	0	58	254	220	253	186	177	226	0	0	250	112	253	0	252	206	253	191
('Pixels: pos_8-20', 'Center: 18.0573205179')	107	0	0	0	254	253	254	254	252	253	0	0	230	0	225	0	252	183	168	255
('Pixels: pos_8-21', 'Center: 17.1257746922')	215	0	0	0	254	217	92	254	253	168	0	0	0	0	29	0	217	253	0	255
('Pixels: pos_8-22', 'Center: 16.188579925')	244	0	0	0	254	13	0	136	246	0	0	0	0	0	0	0	37	153	0	128
('Pixels: pos_8-23', 'Center: 15.2463884227')	159	0	0	0	248	0	0	0	187	0	0	0	0	0	0	0	0	0	0	0
('Pixels: pos_8-24', 'Center: 14.2997584651')	5	0	0	0	0	0	0	0	13	0	0	0	0	0	0	0	0	0	0	0
('Pixels: pos_8-25', 'Center: 13.3491702496')	0	0	0	0	0	0	0	0	0	0	0	0	0	0	0	0	0	0	0	0
('Pixels: pos_8-26', 'Center: 12.395038729')	0	0	0	0	0	0	0	0	0	0	0	0	0	0	0	0	0	0	0	0
('Pixels: pos_8-27', 'Center: 11.4377240658')	0	0	0	0	0	0	0	0	0	0	0	0	0	0	0	0	0	0	0	0
('Pixels: pos_9-0', 'Center: 30.5979797464')	0	0	0	0	0	0	0	0	0	0	0	0	0	0	0	0	0	0	0	0
('Pixels: pos_9-1', 'Center: 30.5425946083')	0	0	0	0	0	0	0	0	0	0	0	0	0	0	0	0	0	0	0	0
('Pixels: pos_9-2', 'Center: 30.3784352892')	0	0	0	0	0	0	0	0	0	0	0	0	0	0	0	0	0	0	0	0
('Pixels: pos_9-3', 'Center: 30.1111467659')	0	0	0	0	0	0	0	0	0	0	0	0	0	0	0	0	0	0	0	0
('Pixels: pos_9-4', 'Center: 29.7491219447')	0	254	0	0	0	0	0	0	0	0	26	0	0	0	0	0	0	0	0	0
('Pixels: pos_9-5', 'Center: 29.3023496055')	0	253	0	0	0	0	0	0	0	0	244	0	0	0	0	0	0	0	0	0
('Pixels: pos_9-6', 'Center: 28.7813259201')	0	253	0	0	0	158	0	0	0	0	253	0	0	0	0	0	0	0	0	0
('Pixels: pos_9-7', 'Center: 28.1962254955')	0	253	0	0	0	253	0	0	0	0	40	0	0	0	0	25	0	54	0	0
('Pixels: pos_9-8', 'Center: 27.5563851677')	0	253	0	0	126	253	0	0	26	0	0	0	0	26	67	195	0	242	0	0
('Pixels: pos_9-9', 'Center: 26.8700576851')	0	253	0	0	241	157	0	0	255	0	0	0	0	209	250	252	0	253	4	0
('Pixels: pos_9-10', 'Center: 26.1443556994')	0	253	38	141	254	0	128	0	253	97	0	0	255	211	147	238	25	216	57	0
('Pixels: pos_9-11', 'Center: 25.3853093429')	0	253	253	251	254	0	245	0	244	253	0	0	253	2	115	87	99	29	242	128
('Pixels: pos_9-12', 'Center: 24.5979797464')	0	198	253	72	254	0	253	5	175	253	0	11	205	0	115	0	63	0	252	255
('Pixels: pos_9-13', 'Center: 23.7865914456')	127	193	253	0	173	0	158	53	101	209	0	254	21	0	31	0	112	0	190	191
('Pixels: pos_9-14', 'Center: 22.9546627694')	175	254	195	0	149	0	137	143	0	90	0	254	0	0	0	0	50	0	65	0
('Pixels: pos_9-15', 'Center: 22.1051240619')	72	253	23	0	149	0	21	179	0	41	0	129	64	0	0	0	159	0	5	0
('Pixels: pos_9-16', 'Center: 21.2404199958')	0	253	0	0	127	0	0	254	0	0	0	0	140	0	11	0	252	0	12	0
('Pixels: pos_9-17', 'Center: 20.3625956848')	0	253	0	0	19	0	48	254	0	0	0	0	169	170	182	0	252	0	182	0
('Pixels: pos_9-18', 'Center: 19.4733679489')	0	253	0	151	36	0	233	254	0	0	0	0	233	254	253	0	253	119	252	0
('Pixels: pos_9-19', 'Center: 18.5741837048')	79	180	0	140	149	220	253	255	0	21	13	0	253	99	253	0	252	241	253	128
('Pixels: pos_9-20', 'Center: 17.666267547')	245	0	0	0	157	253	233	254	0	176	41	0	158	0	253	0	220	236	116	255
('Pixels: pos_9-21', 'Center: 16.7506604289')	254	0	0	0	254	253	8	254	126	136	141	0	0	0	38	0	37	253	0	255
('Pixels: pos_9-22', 'Center: 15.8282510984')	90	0	0	0	254	96	0	193	244	0	131	0	0	0	0	0	0	120	0	128
('Pixels: pos_9-23', 'Center: 14.899801676')	0	0	0	0	187	0	0	0	253	0	0	0	0	0	0	0	0	0	0	0
('Pixels: pos_9-24', 'Center: 13.9659685105')	0	0	0	0	0	0	0	0	153	0	0	0	0	0	0	0	0	0	0	0
('Pixels: pos_9-25', 'Center: 13.0273192353')	0	0	0	0	0	0	0	0	0	0	0	0	0	0	0	0	0	0	0	0
('Pixels: pos_9-26', 'Center: 12.0843467621')	0	0	0	0	0	0	0	0	0	0	0	0	0	0	0	0	0	0	0	0
('Pixels: pos_9-27', 'Center: 11.1374808049')	0	0	0	0	0	0	0	0	0	0	0	0	0	0	0	0	0	0	0	0
('Pixels: pos_10-0', 'Center: 29.5979797464')	0	0	0	0	0	0	0	0	0	0	0	0	0	0	0	0	0	0	0	0
('Pixels: pos_10-1', 'Center: 29.5481041253')	0	0	0	0	0	0	0	0	0	0	0	0	0	0	0	0	0	0	0	0
('Pixels: pos_10-2', 'Center: 29.3999407193')	0	0	0	0	0	0	0	0	0	0	0	0	0	0	0	0	0	0	0	0
('Pixels: pos_10-3', 'Center: 29.1576732375')	0	0	0	0	0	0	0	0	0	0	0	0	0	0	0	0	0	0	0	0
('Pixels: pos_10-4', 'Center: 28.8276501322')	0	220	0	0	0	0	0	0	0	0	0	0	0	0	0	0	0	0	0	0
('Pixels: pos_10-5', 'Center: 28.4176398589')	0	253	0	0	0	50	0	0	0	0	169	0	0	0	0	0	0	0	0	0
('Pixels: pos_10-6', 'Center: 27.9360759568')	0	243	0	0	0	234	0	0	0	0	252	0	0	0	0	0	0	61	0	0
('Pixels: pos_10-7', 'Center: 27.3914241307')	0	123	0	0	0	253	0	0	82	0	215	0	0	0	0	0	0	190	0	0
('Pixels: pos_10-8', 'Center: 26.7917312716')	0	94	0	0	0	235	0	4	243	0	57	0	0	0	0	26	0	253	0	0
('Pixels: pos_10-9', 'Center: 26.1443556994')	0	60	0	0	22	50	0	25	253	0	57	0	0	24	14	195	0	253	96	0
('Pixels: pos_10-10', 'Center: 25.4558441227')	0	60	120	224	136	0	139	50	214	194	57	0	253	142	4	252	0	129	252	0
('Pixels: pos_10-11', 'Center: 24.7319109991')	0	60	253	233	116	0	254	149	81	253	32	0	252	3	0	239	0	0	252	0
('Pixels: pos_10-12', 'Center: 23.9774803946')	0	6	253	0	25	0	223	175	0	184	0	3	154	0	0	85	63	0	183	255
('Pixels: pos_10-13', 'Center: 23.1967602796')	240	0	195	0	6	0	25	254	0	7	0	180	9	0	0	0	114	0	14	255
('Pixels: pos_10-14', 'Center: 22.3933292124')	254	60	23	0	0	0	0	254	0	0	0	254	0	0	0	0	238	0	0	128
('Pixels: pos_10-15', 'Center: 21.5702233691')	117	118	0	0	0	0	0	254	0	0	0	213	0	0	0	0	253	0	0	0
('Pixels: pos_10-16', 'Center: 20.7300174823')	0	88	0	0	0	0	36	254	0	0	0	0	68	1	8	0	253	0	92	0
('Pixels: pos_10-17', 'Center: 19.8748968231')	0	253	0	0	0	0	170	254	0	9	13	0	252	178	167	0	253	0	252	64
('Pixels: pos_10-18', 'Center: 19.0067194645')	14	253	0	136	64	0	254	254	0	84	57	0	252	249	253	0	255	148	252	128
('Pixels: pos_10-19', 'Center: 18.1270691929')	247	236	0	223	99	220	244	255	0	182	194	0	178	20	253	0	152	253	225	255
('Pixels: pos_10-20', 'Center: 17.2372999714')	254	37	0	0	178	253	106	254	0	43	247	0	0	0	253	0	110	253	21	255
('Pixels: pos_10-21', 'Center: 16.3385730472')	104	0	0	0	254	253	0	254	0	0	121	0	0	0	38	0	0	185	0	255
('Pixels: pos_10-22', 'Center: 15.4318877993')	2	0	0	0	201	96	0	108	169	0	19	0	0	0	0	0	0	7	0	64
('Pixels: pos_10-23', 'Center: 14.5181073385')	0	0	0	0	89	0	0	0	252	0	0	0	0	0	0	0	0	0	0	0
('Pixels: pos_10-24', 'Center: 13.5979797464')	0	0	0	0	0	0	0	0	252	0	0	0	0	0	0	0	0	0	0	0
('Pixels: pos_10-25', 'Center: 12.6721557108')	0	0	0	0	0	0	0	0	0	0	0	0	0	0	0	0	0	0	0	0
('Pixels: pos_10-26', 'Center: 11.7412031921')	0	0	0	0	0	0	0	0	0	0	0	0	0	0	0	0	0	0	0	0
('Pixels: pos_10-27', 'Center: 10.8056196487')	0	0	0	0	0	0	0	0	0	0	0	0	0	0	0	0	0	0	0	0
('Pixels: pos_11-0', 'Center: 28.5979797464')	0	0	0	0	0	0	0	0	0	0	0	0	0	0	0	0	0	0	0	0
('Pixels: pos_11-1', 'Center: 28.5526187293')	0	0	0	0	0	0	0	0	0	0	0	0	0	0	0	0	0	0	0	0
('Pixels: pos_11-2', 'Center: 28.4176398589')	0	0	0	0	0	0	0	0	0	0	0	0	0	0	0	0	0	0	0	0
('Pixels: pos_11-3', 'Center: 28.1962254955')	0	0	0	0	0	0	0	0	0	0	0	0	0	0	0	0	0	0	0	0
('Pixels: pos_11-4', 'Center: 27.8932798357')	0	25	0	0	0	51	0	0	0	0	0	0	0	0	0	0	0	0	0	0
('Pixels: pos_11-5', 'Center: 27.5149337729')	0	48	0	0	0	239	0	0	0	0	63	0	0	0	0	0	0	15	0	0
('Pixels: pos_11-6', 'Center: 27.0680156603')	0	41	0	0	0	253	0	0	19	0	234	0	0	0	0	0	0	206	0	0
('Pixels: pos_11-7', 'Center: 26.559574936')	0	0	0	0	0	253	0	96	215	0	252	0	0	0	0	0	0	253	0	0
('Pixels: pos_11-8', 'Center: 25.9965092377')	0	0	0	0	0	85	0	170	252	0	253	0	0	0	0	0	0	253	132	0
('Pixels: pos_11-9', 'Center: 25.3853093429')	0	0	0	0	0	0	0	254	206	0	252	0	0	0	0	25	0	110	253	0
('Pixels: pos_11-10', 'Center: 24.7319109991')	0	0	161	254	0	0	55	254	56	194	252	0	137	0	0	196	19	15	252	0
('Pixels: pos_11-11', 'Center: 24.0416305603')	22	0	253	218	0	0	212	254	0	253	228	6	252	0	0	252	101	0	146	0
('Pixels: pos_11-12', 'Center: 23.3191591503')	185	0	219	0	0	0	253	254	0	99	198	119	252	0	0	242	240	0	14	255
('Pixels: pos_11-13', 'Center: 22.5685933805')	251	0	24	0	0	0	161	254	0	0	122	247	196	0	0	82	253	0	0	255
('Pixels: pos_11-14', 'Center: 21.7934859317')	254	0	0	0	0	0	11	245	0	0	85	254	48	0	0	0	252	0	0	255
('Pixels: pos_11-15', 'Center: 20.9969045087')	59	0	0	0	0	0	26	183	0	0	47	131	49	0	10	0	252	0	0	128
('Pixels: pos_11-16', 'Center: 20.1814919075')	0	7	0	0	65	0	178	99	0	7	10	0	228	40	145	0	252	0	215	255
('Pixels: pos_11-17', 'Center: 19.3495230151')	0	144	16	0	113	0	253	99	0	156	172	0	252	254	253	0	204	55	252	255
('Pixels: pos_11-18', 'Center: 18.5029566367')	161	253	153	136	243	0	236	147	0	253	252	0	227	152	253	0	106	192	252	255
('Pixels: pos_11-19', 'Center: 17.6434813463')	254	253	128	253	254	160	113	252	0	236	127	0	48	0	253	0	3	253	79	255
('Pixels: pos_11-20', 'Center: 16.7725553254')	163	146	31	0	254	253	0	254	0	43	50	0	0	0	239	0	0	253	0	255
('Pixels: pos_11-21', 'Center: 15.8914405642')	48	0	0	0	254	253	0	196	0	0	0	0	0	0	33	0	0	121	0	128
('Pixels: pos_11-22', 'Center: 15.0012319939')	0	0	0	0	117	229	0	3	169	0	0	0	0	0	0	0	0	0	0	0
('Pixels: pos_11-23', 'Center: 14.1028821785')	0	0	0	0	0	0	0	0	252	0	0	0	0	0	0	0	0	0	0	0
('Pixels: pos_11-24', 'Center: 13.1972221816')	0	0	0	0	0	0	0	0	252	0	0	0	0	0	0	0	0	0	0	0
('Pixels: pos_11-25', 'Center: 12.284979179')	0	0	0	0	0	0	0	0	0	0	0	0	0	0	0	0	0	0	0	0
('Pixels: pos_11-26', 'Center: 11.3667913195')	0	0	0	0	0	0	0	0	0	0	0	0	0	0	0	0	0	0	0	0
('Pixels: pos_11-27', 'Center: 10.4432202722')	0	0	0	0	0	0	0	0	0	0	0	0	0	0	0	0	0	0	0	0
('Pixels: pos_12-0', 'Center: 27.5979797464')	0	0	0	0	0	0	0	0	0	0	0	0	0	0	0	0	0	0	0	0
('Pixels: pos_12-1', 'Center: 27.5563851677')	0	0	0	0	0	0	0	0	0	0	0	0	0	0	0	0	0	0	0	0
('Pixels: pos_12-2', 'Center: 27.4324546859')	0	0	0	0	0	0	0	0	0	0	0	0	0	0	0	0	0	0	0	0
('Pixels: pos_12-3', 'Center: 27.2286628696')	0	0	0	0	0	0	0	4	0	0	0	0	0	0	0	0	0	0	0	0
('Pixels: pos_12-4', 'Center: 26.9488691058')	0	0	0	0	0	118	0	145	0	0	0	0	0	0	0	0	0	9	0	0
('Pixels: pos_12-5', 'Center: 26.5979797464')	0	0	0	0	0	253	0	162	0	0	0	0	0	0	0	0	0	198	0	0
('Pixels: pos_12-6', 'Center: 26.1815718814')	0	0	0	0	0	253	0	162	157	0	59	0	0	0	0	0	0	253	0	0
('Pixels: pos_12-7', 'Center: 25.705535757')	0	0	0	0	0	204	0	219	252	0	190	0	0	0	0	0	0	253	126	0
('Pixels: pos_12-8', 'Center: 25.1757746446')	0	0	0	0	0	9	0	254	252	0	253	0	0	0	0	0	0	111	253	0
('Pixels: pos_12-9', 'Center: 24.5979797464')	4	0	23	0	0	0	0	254	13	0	252	2	0	0	0	0	0	2	247	0
('Pixels: pos_12-10', 'Center: 23.9774803946')	70	0	227	254	0	0	7	254	0	194	252	74	5	0	0	23	166	1	176	0
('Pixels: pos_12-11', 'Center: 23.3191591503')	233	0	253	135	0	0	155	246	0	253	252	192	177	0	0	199	252	18	9	0
('Pixels: pos_12-12', 'Center: 22.627416998')	254	0	116	0	0	0	253	186	0	235	253	254	252	0	0	252	252	125	0	191
('Pixels: pos_12-13', 'Center: 21.9061737335')	232	0	0	0	0	0	228	93	0	206	252	244	252	0	0	246	253	125	0	255
('Pixels: pos_12-14', 'Center: 21.1588908319')	61	0	0	0	162	0	80	66	0	148	252	163	232	0	69	77	252	125	8	255
('Pixels: pos_12-15', 'Center: 20.3886070341')	1	0	0	0	216	0	223	0	0	149	240	8	233	0	168	0	176	168	78	255
('Pixels: pos_12-16', 'Center: 19.5979797464')	17	0	54	0	243	0	253	0	0	210	229	0	252	125	253	0	55	243	245	255
('Pixels: pos_12-17', 'Center: 18.7893276998')	128	49	203	0	254	0	253	0	0	253	252	0	227	254	253	0	25	248	253	255
('Pixels: pos_12-18', 'Center: 17.9646720937')	252	253	253	136	254	0	109	125	0	253	77	0	50	98	253	0	0	253	129	255
('Pixels: pos_12-19', 'Center: 17.1257746922')	243	253	253	253	254	9	0	246	0	95	3	0	0	0	245	0	0	253	0	191
('Pixels: pos_12-20', 'Center: 16.2741721671')	31	201	224	0	248	205	0	254	0	0	0	0	0	0	67	0	0	219	0	64
('Pixels: pos_12-21', 'Center: 15.4112065016')	0	14	17	0	96	253	0	119	0	0	0	0	0	0	0	0	0	27	0	0
('Pixels: pos_12-22', 'Center: 14.5380515742')	0	0	0	0	18	232	0	2	169	0	0	0	0	0	0	0	0	0	0	0
('Pixels: pos_12-23', 'Center: 13.6557362043')	0	0	0	0	0	0	0	0	252	0	0	0	0	0	0	0	0	0	0	0
('Pixels: pos_12-24', 'Center: 12.7651640164')	0	0	0	0	0	0	0	0	151	0	0	0	0	0	0	0	0	0	0	0
('Pixels: pos_12-25', 'Center: 11.8671304987')	0	0	0	0	0	0	0	0	0	0	0	0	0	0	0	0	0	0	0	0
('Pixels: pos_12-26', 'Center: 10.9623376199')	0	0	0	0	0	0	0	0	0	0	0	0	0	0	0	0	0	0	0	0
('Pixels: pos_12-27', 'Center: 10.0514063411')	0	0	0	0	0	0	0	0	0	0	0	0	0	0	0	0	0	0	0	0
('Pixels: pos_13-0', 'Center: 26.5979797464')	0	0	0	0	0	0	0	0	0	0	0	0	0	0	0	0	0	0	0	0
('Pixels: pos_13-1', 'Center: 26.559574936')	0	0	0	0	0	0	0	0	0	0	0	0	0	0	0	0	0	0	0	0
('Pixels: pos_13-2', 'Center: 26.4450333085')	0	0	0	0	0	0	0	0	0	0	0	0	0	0	0	0	0	0	0	0
('Pixels: pos_13-3', 'Center: 26.2563156823')	0	0	0	0	0	0	0	87	0	0	0	0	0	0	0	0	0	0	0	0
('Pixels: pos_13-4', 'Center: 25.9965092377')	0	0	0	0	0	229	0	215	0	0	0	0	0	0	0	0	0	85	0	0
('Pixels: pos_13-5', 'Center: 25.6695914693')	0	0	0	0	0	253	0	254	41	0	0	0	0	0	0	0	0	253	0	0
('Pixels: pos_13-6', 'Center: 25.2801586832')	0	0	0	0	0	233	0	254	253	0	0	0	0	0	0	0	0	253	16	0
('Pixels: pos_13-7', 'Center: 24.8331566862')	0	0	0	0	0	70	0	254	253	0	0	0	0	0	0	0	0	253	232	0
('Pixels: pos_13-8', 'Center: 24.333642224')	0	0	0	0	0	0	0	254	128	0	0	28	0	0	0	0	0	66	252	0
('Pixels: pos_13-9', 'Center: 23.7865914456')	58	0	123	23	0	0	0	204	0	0	26	142	0	0	0	0	0	24	176	0
('Pixels: pos_13-10', 'Center: 23.1967602796')	254	0	253	255	0	0	0	87	0	194	25	254	0	0	0	0	181	128	0	0
('Pixels: pos_13-11', 'Center: 22.5685933805')	254	0	243	114	66	0	141	68	0	253	0	254	15	0	0	19	252	253	0	0
('Pixels: pos_13-12', 'Center: 21.9061737335')	254	0	61	0	117	0	253	0	0	253	13	251	137	0	26	203	252	253	0	255
('Pixels: pos_13-13', 'Center: 21.2132034356')	38	0	0	0	210	0	253	0	0	253	113	85	252	0	97	252	253	248	36	255
('Pixels: pos_13-14', 'Center: 20.4930065719')	0	0	0	0	243	0	253	0	0	253	223	0	252	0	243	252	252	230	201	255
('Pixels: pos_13-15', 'Center: 19.7485465052')	0	0	17	0	254	0	254	0	0	254	253	0	253	12	253	71	155	230	252	255
('Pixels: pos_13-16', 'Center: 18.9824516184')	142	0	179	0	254	0	253	0	0	253	254	0	231	229	253	0	26	251	252	191
('Pixels: pos_13-17', 'Center: 18.1970451874')	255	49	253	0	202	0	154	46	0	253	253	0	48	232	253	0	0	253	169	128
('Pixels: pos_13-18', 'Center: 17.3943764353')	249	253	253	137	176	0	29	197	0	253	253	0	0	8	232	0	0	253	11	0
('Pixels: pos_13-19', 'Center: 16.57625088')	77	253	253	231	95	0	0	254	0	129	103	0	0	0	72	0	0	249	0	0
('Pixels: pos_13-20', 'Center: 15.7442588627')	0	217	253	0	42	199	0	180	0	0	13	0	0	0	0	0	0	64	0	0
('Pixels: pos_13-21', 'Center: 14.899801676')	0	21	24	0	0	253	0	47	92	0	0	0	0	0	0	0	0	0	0	0
('Pixels: pos_13-22', 'Center: 14.0441150681')	0	0	0	0	0	238	0	0	253	0	0	0	0	0	0	0	0	0	0	0
('Pixels: pos_13-23', 'Center: 13.1782901192')	0	0	0	0	0	32	0	0	206	0	0	0	0	0	0	0	0	0	0	0
('Pixels: pos_13-24', 'Center: 12.3032916185')	0	0	0	0	0	0	0	0	13	0	0	0	0	0	0	0	0	0	0	0
('Pixels: pos_13-25', 'Center: 11.4199741392')	0	0	0	0	0	0	0	0	0	0	0	0	0	0	0	0	0	0	0	0
('Pixels: pos_13-26', 'Center: 10.5290960389')	0	0	0	0	0	0	0	0	0	0	0	0	0	0	0	0	0	0	0	0
('Pixels: pos_13-27', 'Center: 9.6313316189')	0	0	0	0	0	0	0	0	0	0	0	0	0	0	0	0	0	0	0	0
('Pixels: pos_14-0', 'Center: 25.5979797464')	0	0	0	0	0	0	0	0	0	0	0	0	0	0	0	0	0	0	0	0
('Pixels: pos_14-1', 'Center: 25.5623108988')	0	0	0	0	0	0	0	0	0	0	0	0	0	0	0	0	0	0	0	0
('Pixels: pos_14-2', 'Center: 25.4558441227')	0	0	0	0	0	0	0	0	0	0	0	0	0	0	0	0	0	0	0	0
('Pixels: pos_14-3', 'Center: 25.2801586832')	0	0	0	0	0	0	0	168	0	0	0	0	0	0	0	0	0	0	0	0
('Pixels: pos_14-4', 'Center: 25.0377599679')	0	0	0	0	0	254	0	254	0	0	0	0	0	0	0	0	0	117	0	0
('Pixels: pos_14-5', 'Center: 24.7319109991')	0	0	0	0	0	253	0	156	166	0	0	0	0	0	0	0	0	253	0	0
('Pixels: pos_14-6', 'Center: 24.3664335347')	0	0	0	0	0	177	0	80	252	0	0	0	0	0	0	0	0	253	22	0
('Pixels: pos_14-7', 'Center: 23.9455039039')	2	0	0	0	0	0	0	80	196	0	0	4	0	0	0	0	0	253	252	0
('Pixels: pos_14-8', 'Center: 23.4734642498')	141	0	0	0	0	0	0	80	9	0	0	184	0	0	0	0	0	253	252	0
('Pixels: pos_14-9', 'Center: 22.9546627694')	252	0	155	98	0	0	0	28	0	0	0	254	0	0	0	0	0	253	30	0
('Pixels: pos_14-10', 'Center: 22.3933292124')	254	0	253	254	0	0	0	0	0	18	0	233	0	0	18	0	25	210	22	64
('Pixels: pos_14-11', 'Center: 21.7934859317')	197	0	210	122	173	0	110	0	0	24	0	151	0	0	108	0	112	230	119	255
('Pixels: pos_14-12', 'Center: 21.1588908319')	71	0	0	0	254	0	253	0	0	128	0	26	81	0	203	98	112	212	197	255
('Pixels: pos_14-13', 'Center: 20.4930065719')	1	0	0	0	254	0	253	0	0	196	63	0	253	0	253	253	174	108	241	255
('Pixels: pos_14-14', 'Center: 19.7989898732')	0	0	0	0	254	0	253	0	0	144	234	0	253	0	253	253	252	0	253	255
('Pixels: pos_14-15', 'Center: 19.0796952178')	109	0	162	0	254	0	254	0	0	35	227	0	255	153	253	255	252	0	252	255
('Pixels: pos_14-16', 'Center: 18.337688121')	254	0	253	0	114	0	179	0	0	253	134	0	207	254	237	76	239	231	251	128
('Pixels: pos_14-17', 'Center: 17.5752642009')	243	49	253	0	17	24	38	126	0	253	159	0	0	153	154	0	63	253	77	0
('Pixels: pos_14-18', 'Center: 16.7944712445')	75	253	196	136	0	49	0	245	0	209	240	0	0	0	55	0	0	253	0	0
('Pixels: pos_14-19', 'Center: 15.997132304')	0	253	149	155	0	49	0	255	0	7	252	0	0	0	0	0	0	186	0	0
('Pixels: pos_14-20', 'Center: 15.184868515')	0	168	253	0	0	210	0	57	0	0	138	0	0	0	0	0	0	0	0	0
('Pixels: pos_14-21', 'Center: 14.3591208182')	0	0	24	0	0	253	0	0	216	0	0	0	0	0	0	0	0	0	0	0
('Pixels: pos_14-22', 'Center: 13.5211701256')	0	0	0	0	0	253	0	0	252	0	0	0	0	0	0	0	0	0	0	0
('Pixels: pos_14-23', 'Center: 12.6721557108')	0	0	0	0	0	216	0	0	142	0	0	0	0	0	0	0	0	0	0	0
('Pixels: pos_14-24', 'Center: 11.8130917675')	0	0	0	0	0	0	0	0	0	0	0	13	0	0	0	0	0	0	0	0
('Pixels: pos_14-25', 'Center: 10.9448821827')	0	0	0	0	0	0	0	0	0	0	0	22	0	0	0	0	0	0	0	0
('Pixels: pos_14-26', 'Center: 10.068333626')	0	0	0	0	0	0	0	0	0	0	0	13	0	0	0	0	0	0	0	0
('Pixels: pos_14-27', 'Center: 9.18416709496')	0	0	0	0	0	0	0	0	0	0	0	0	0	0	0	0	0	0	0	0
('Pixels: pos_15-0', 'Center: 24.5979797464')	0	0	0	0	0	0	0	0	0	0	0	0	0	0	0	0	0	0	0	0
('Pixels: pos_15-1', 'Center: 24.5646833681')	0	0	0	0	0	0	0	0	0	0	0	0	0	0	0	0	0	0	0	0
('Pixels: pos_15-2', 'Center: 24.465233796')	0	0	0	0	0	0	0	0	0	0	0	0	0	0	0	0	0	0	0	0
('Pixels: pos_15-3', 'Center: 24.3009212057')	0	0	0	0	0	0	0	2	0	0	0	0	0	0	0	0	0	0	0	0
('Pixels: pos_15-4', 'Center: 24.0738050502')	0	0	0	0	0	254	0	74	0	0	0	0	0	0	0	0	0	6	0	0
('Pixels: pos_15-5', 'Center: 23.7865914456')	0	0	0	0	0	253	0	33	253	0	0	0	0	0	0	0	0	156	0	0
('Pixels: pos_15-6', 'Center: 23.442485325')	4	0	0	0	0	227	0	0	252	0	0	0	0	0	0	0	0	253	16	0
('Pixels: pos_15-7', 'Center: 23.0450343892')	133	0	0	0	0	135	0	0	168	0	0	64	0	0	0	0	0	237	231	0
('Pixels: pos_15-8', 'Center: 22.5979797464')	254	0	20	0	0	28	0	0	0	0	0	254	0	0	0	0	0	194	252	0
('Pixels: pos_15-9', 'Center: 22.1051240619')	254	0	232	98	0	28	0	0	0	0	0	249	0	0	46	0	0	144	253	128
('Pixels: pos_15-10', 'Center: 21.5702233691')	180	0	253	254	0	28	3	0	0	0	0	0	0	0	222	0	0	76	252	255
('Pixels: pos_15-11', 'Center: 20.9969045087')	15	0	173	106	127	28	171	0	0	0	0	0	51	0	253	0	0	34	252	255
('Pixels: pos_15-12', 'Center: 20.3886070341')	0	0	0	0	189	77	254	0	0	0	23	0	228	0	253	2	0	0	252	255
('Pixels: pos_15-13', 'Center: 19.7485465052')	0	0	0	0	206	165	254	0	0	6	234	0	252	0	253	96	0	0	226	191
('Pixels: pos_15-14', 'Center: 19.0796952178')	2	0	0	0	254	165	254	0	0	0	252	0	231	6	253	252	126	0	227	255
('Pixels: pos_15-15', 'Center: 18.3847763109')	192	0	192	0	254	165	179	0	0	13	103	0	232	207	140	253	229	0	252	255
('Pixels: pos_15-16', 'Center: 17.666267547')	254	8	253	0	191	165	0	43	0	253	0	0	236	254	39	247	253	231	231	128
('Pixels: pos_15-17', 'Center: 16.9264116489')	216	59	229	0	22	208	0	200	0	253	0	0	44	70	0	25	253	253	0	0
('Pixels: pos_15-18', 'Center: 16.1672307187')	16	254	30	166	0	253	0	254	0	147	159	0	0	0	0	0	114	233	0	0
('Pixels: pos_15-19', 'Center: 15.3905428726')	2	254	94	155	0	253	0	91	0	0	252	40	0	0	0	0	12	27	0	0
('Pixels: pos_15-20', 'Center: 14.5979797464')	0	116	253	0	0	253	0	6	89	0	247	60	0	0	0	0	0	0	0	0
('Pixels: pos_15-21', 'Center: 13.7910039453')	0	2	24	0	0	253	0	0	253	0	66	72	0	0	0	0	0	0	0	0
('Pixels: pos_15-22', 'Center: 12.9709258351')	0	0	0	0	0	253	0	0	208	0	0	168	0	0	0	0	0	0	0	0
('Pixels: pos_15-23', 'Center: 12.138919311')	0	0	0	0	0	238	0	0	13	0	0	168	0	0	0	0	0	0	0	0
('Pixels: pos_15-24', 'Center: 11.2960363503')	0	0	0	0	0	0	0	0	0	0	0	216	0	0	0	0	0	0	0	0
('Pixels: pos_15-25', 'Center: 10.4432202722')	0	0	0	0	0	0	0	0	0	0	0	254	0	0	0	0	0	0	0	0
('Pixels: pos_15-26', 'Center: 9.58131770684')	0	0	0	0	0	0	0	0	0	0	0	218	0	0	0	0	0	0	0	0
('Pixels: pos_15-27', 'Center: 8.71108932349')	0	0	0	0	0	0	0	0	0	0	0	0	0	0	0	0	0	0	0	0
('Pixels: pos_16-0', 'Center: 23.5979797464')	0	0	0	0	0	0	0	0	0	0	0	0	0	0	0	0	0	0	0	0
('Pixels: pos_16-1', 'Center: 23.5667602046')	0	0	0	0	0	0	0	0	0	0	0	0	0	0	0	0	0	0	0	0
('Pixels: pos_16-2', 'Center: 23.4734642498')	0	0	0	0	0	0	0	0	0	0	0	0	0	0	0	0	0	0	0	0
('Pixels: pos_16-3', 'Center: 23.3191591503')	0	0	0	0	0	0	0	0	0	0	0	0	0	0	0	0	0	0	0	0
('Pixels: pos_16-4', 'Center: 23.105557244')	0	0	0	0	0	173	0	0	0	0	0	0	0	0	0	0	0	0	0	0
('Pixels: pos_16-5', 'Center: 22.8349251322')	0	0	0	0	0	253	0	0	253	0	0	0	0	0	0	0	0	9	0	0
('Pixels: pos_16-6', 'Center: 22.5099722558')	179	0	0	0	0	253	0	0	252	0	0	0	0	0	0	0	0	59	0	0
('Pixels: pos_16-7', 'Center: 22.1337305499')	254	0	0	0	0	253	0	0	68	0	0	147	0	0	13	0	0	42	55	0
('Pixels: pos_16-8', 'Center: 21.7094359264')	254	0	25	0	0	253	0	0	0	0	0	254	0	0	159	0	0	0	235	0
('Pixels: pos_16-9', 'Center: 21.2404199958')	247	0	253	98	0	253	0	0	0	0	0	253	0	0	234	0	0	0	253	255
('Pixels: pos_16-10', 'Center: 20.7300174823')	160	0	253	254	0	253	171	0	0	0	0	141	49	0	253	0	0	0	217	255
('Pixels: pos_16-11', 'Center: 20.1814919075')	39	0	86	128	0	253	253	0	0	0	0	67	228	0	253	0	0	0	138	255
('Pixels: pos_16-12', 'Center: 19.5979797464')	0	0	0	0	0	253	253	0	0	0	128	0	252	0	230	0	0	0	42	64
('Pixels: pos_16-13', 'Center: 18.9824516184')	10	12	0	0	17	253	253	0	0	0	252	0	227	0	165	2	0	0	24	0
('Pixels: pos_16-14', 'Center: 18.337688121')	133	89	51	0	95	253	253	0	0	6	214	76	48	75	30	97	0	0	192	255
('Pixels: pos_16-15', 'Center: 17.666267547')	254	88	242	0	238	253	178	0	0	198	15	99	138	254	3	204	53	0	252	255
('Pixels: pos_16-16', 'Center: 16.9705627485')	253	212	229	0	254	253	0	156	0	255	0	167	252	207	0	252	177	231	143	128
('Pixels: pos_16-17', 'Center: 16.2527446866')	96	253	57	0	211	253	0	245	0	212	0	207	152	0	0	180	252	253	0	0
('Pixels: pos_16-18', 'Center: 15.5147905889')	108	253	0	234	99	253	0	205	0	0	10	207	0	0	0	64	253	224	0	0
('Pixels: pos_16-19', 'Center: 14.7584950497')	65	253	193	193	0	253	0	13	38	0	178	238	0	0	0	0	27	0	0	0
('Pixels: pos_16-20', 'Center: 13.9854827967')	0	253	253	0	0	253	0	0	225	0	253	254	0	0	0	0	0	0	0	0
('Pixels: pos_16-21', 'Center: 13.1972221816')	0	160	24	0	0	253	0	0	253	0	209	254	0	0	0	0	0	0	0	0
('Pixels: pos_16-22', 'Center: 12.395038729')	0	145	0	0	0	241	0	0	96	0	25	254	0	0	3	0	0	0	0	0
('Pixels: pos_16-23', 'Center: 11.5801282942')	0	18	0	0	0	50	0	0	0	0	0	254	0	0	70	0	0	0	0	0
('Pixels: pos_16-24', 'Center: 10.7535695427')	0	0	0	0	0	0	0	0	0	0	0	254	0	0	70	0	0	0	0	0
('Pixels: pos_16-25', 'Center: 9.91633558714')	0	0	0	0	0	0	0	0	0	0	0	227	0	0	70	0	0	0	0	0
('Pixels: pos_16-26', 'Center: 9.0693047015')	0	0	0	0	0	0	0	0	0	0	0	111	0	0	0	0	0	0	0	0
('Pixels: pos_16-27', 'Center: 8.2132700935')	0	0	0	0	0	0	0	0	0	0	0	0	0	0	0	0	0	0	0	0
('Pixels: pos_17-0', 'Center: 22.5979797464')	0	0	0	0	0	0	0	0	0	0	0	0	0	0	0	0	0	0	0	0
('Pixels: pos_17-1', 'Center: 22.5685933805')	0	0	0	0	0	0	0	0	0	0	0	0	0	0	0	0	0	0	0	0
('Pixels: pos_17-2', 'Center: 22.4807369778')	0	0	0	0	0	0	0	0	0	0	0	0	0	0	0	0	0	0	0	0
('Pixels: pos_17-3', 'Center: 22.3353032448')	0	0	0	0	0	0	0	0	0	0	0	0	0	0	0	0	0	0	0	0
('Pixels: pos_17-4', 'Center: 22.1337305499')	0	0	0	0	0	0	0	0	0	0	0	0	0	0	0	0	0	0	0	0
('Pixels: pos_17-5', 'Center: 21.8779345998')	0	0	0	0	0	166	0	0	254	0	0	0	0	0	0	0	0	0	0	0
('Pixels: pos_17-6', 'Center: 21.5702233691')	240	0	0	0	0	253	0	0	253	0	0	0	0	0	68	0	0	0	0	0
('Pixels: pos_17-7', 'Center: 21.2132034356')	252	0	0	0	0	253	0	0	56	0	0	6	0	0	185	0	0	0	0	0
('Pixels: pos_17-8', 'Center: 20.8096855184')	254	0	25	0	0	253	26	0	0	0	0	187	0	0	253	0	0	0	0	128
('Pixels: pos_17-9', 'Center: 20.3625956848')	254	0	253	98	0	253	123	0	0	0	0	254	0	0	253	0	0	0	0	255
('Pixels: pos_17-10', 'Center: 19.8748968231')	254	0	253	254	0	253	254	0	0	0	0	254	233	0	241	0	0	0	0	255
('Pixels: pos_17-11', 'Center: 19.3495230151')	234	0	189	135	0	253	253	0	0	0	63	251	252	0	237	0	0	0	0	64
('Pixels: pos_17-12', 'Center: 18.7893276998')	215	86	0	0	0	253	203	0	0	0	254	245	227	0	64	0	0	0	0	0
('Pixels: pos_17-13', 'Center: 18.1970451874')	222	203	20	0	0	253	156	0	0	0	247	245	50	0	0	0	0	0	62	0
('Pixels: pos_17-14', 'Center: 17.5752642009')	254	254	188	0	0	253	253	0	0	122	50	252	0	190	0	0	0	0	255	191
('Pixels: pos_17-15', 'Center: 16.9264116489')	254	253	253	0	79	253	200	124	0	255	0	254	138	254	0	83	0	125	253	255
('Pixels: pos_17-16', 'Center: 16.2527446866')	254	253	136	0	239	253	0	244	0	251	0	254	252	123	2	248	22	250	109	128
('Pixels: pos_17-17', 'Center: 15.5563491861')	254	253	0	61	254	192	0	254	0	87	0	254	208	0	16	252	227	253	0	0
('Pixels: pos_17-18', 'Center: 14.8391429402')	251	253	116	248	228	129	0	85	45	0	0	254	17	0	16	197	253	125	0	0
('Pixels: pos_17-19', 'Center: 14.1028821785')	67	253	247	118	21	129	0	6	229	0	63	248	0	0	16	59	136	0	0	0
('Pixels: pos_17-20', 'Center: 13.3491702496')	0	253	219	0	0	227	0	0	253	0	254	227	0	0	16	0	0	0	0	0
('Pixels: pos_17-21', 'Center: 12.5794675742')	0	253	16	0	0	253	0	0	151	0	253	227	0	0	147	0	0	0	0	0
('Pixels: pos_17-22', 'Center: 11.7951021975')	0	253	0	0	0	165	0	0	0	0	56	153	0	0	172	0	0	0	0	0
('Pixels: pos_17-23', 'Center: 10.9972804543')	0	207	0	0	0	0	0	0	0	0	0	119	0	0	253	0	0	0	0	0
('Pixels: pos_17-24', 'Center: 10.1870974067')	0	0	0	0	0	0	0	0	0	0	0	59	0	0	250	0	0	0	0	0
('Pixels: pos_17-25', 'Center: 9.36554683078')	0	0	0	0	0	0	0	0	0	0	0	8	0	0	238	0	0	0	0	0
('Pixels: pos_17-26', 'Center: 8.53353061243')	0	0	0	0	0	0	0	0	0	0	0	0	0	0	0	0	0	0	0	0
('Pixels: pos_17-27', 'Center: 7.69186747936')	0	0	0	0	0	0	0	0	0	0	0	0	0	0	0	0	0	0	0	0
('Pixels: pos_18-0', 'Center: 21.5979797464')	0	0	0	0	0	0	0	0	0	0	0	0	0	0	0	0	0	0	0	0
('Pixels: pos_18-1', 'Center: 21.5702233691')	0	0	0	0	0	0	0	0	0	0	0	0	0	0	0	0	0	0	0	0
('Pixels: pos_18-2', 'Center: 21.4872094702')	0	0	0	0	0	0	0	0	0	0	0	0	0	0	0	0	0	0	0	0
('Pixels: pos_18-3', 'Center: 21.3496921556')	0	0	0	0	0	0	0	0	0	0	0	0	0	0	0	0	0	0	0	0
('Pixels: pos_18-4', 'Center: 21.1588908319')	0	0	0	0	0	0	0	0	0	0	0	0	0	0	0	0	0	0	0	0
('Pixels: pos_18-5', 'Center: 20.9164380542')	0	0	0	0	0	5	0	0	253	0	0	0	0	0	0	0	0	0	0	0
('Pixels: pos_18-6', 'Center: 20.6243137854')	0	0	0	0	0	13	0	0	252	0	0	0	0	0	171	0	0	0	0	0
('Pixels: pos_18-7', 'Center: 20.2847718306')	70	0	0	0	0	118	0	0	81	0	0	0	0	0	253	0	0	0	0	0
('Pixels: pos_18-8', 'Center: 19.9002641429')	85	0	16	0	0	150	93	0	0	0	0	59	0	0	253	57	0	0	0	191
('Pixels: pos_18-9', 'Center: 19.4733679489')	171	0	217	0	0	150	253	0	0	0	0	129	158	0	253	85	0	0	0	255
('Pixels: pos_18-10', 'Center: 19.0067194645')	184	0	253	255	0	150	254	0	0	0	0	228	253	0	61	35	0	0	0	128
('Pixels: pos_18-11', 'Center: 18.5029566367')	220	89	247	238	0	91	121	0	0	0	138	254	252	0	0	0	0	0	0	0
('Pixels: pos_18-12', 'Center: 17.9646720937')	254	246	69	18	0	62	13	0	0	0	253	254	79	0	110	0	0	0	0	0
('Pixels: pos_18-13', 'Center: 17.3943764353')	254	253	56	0	0	113	93	0	0	16	171	254	0	17	116	0	0	0	71	0
('Pixels: pos_18-14', 'Center: 16.7944712445')	254	254	253	0	0	13	253	59	0	198	0	254	0	227	116	0	0	71	253	255
('Pixels: pos_18-15', 'Center: 16.1672307187')	227	253	253	0	0	13	158	217	0	253	0	254	138	248	116	0	0	250	252	255
('Pixels: pos_18-16', 'Center: 15.5147905889')	198	253	128	13	177	13	0	254	0	138	0	213	252	46	128	107	19	253	21	128
('Pixels: pos_18-17', 'Center: 14.8391429402')	161	253	132	224	254	7	0	121	70	0	0	189	221	0	253	245	215	190	0	0
('Pixels: pos_18-18', 'Center: 14.1421356237')	80	253	247	254	249	0	0	7	225	0	0	88	25	0	253	252	253	10	0	0
('Pixels: pos_18-19', 'Center: 13.4254750898')	0	253	219	58	80	0	0	0	252	0	113	62	0	0	253	238	89	0	0	0
('Pixels: pos_18-20', 'Center: 12.6907316523')	0	253	37	0	0	199	0	0	227	0	253	0	0	0	253	52	0	0	0	0
('Pixels: pos_18-21', 'Center: 11.9393463746')	0	253	0	0	0	253	0	0	0	0	252	0	0	0	253	0	0	0	0	0
('Pixels: pos_18-22', 'Center: 11.1726389393')	0	253	0	0	0	96	0	0	0	0	56	0	0	0	253	0	0	0	0	0
('Pixels: pos_18-23', 'Center: 10.3918160134')	0	253	0	0	0	0	0	0	0	0	0	0	0	0	253	0	0	0	0	0
('Pixels: pos_18-24', 'Center: 9.59797974645')	0	0	0	0	0	0	0	0	0	0	0	0	0	0	199	0	0	0	0	0
('Pixels: pos_18-25', 'Center: 8.79213614495')	0	0	0	0	0	0	0	0	0	0	0	0	0	0	0	0	0	0	0	0
('Pixels: pos_18-26', 'Center: 7.97520314476')	0	0	0	0	0	0	0	0	0	0	0	0	0	0	0	0	0	0	0	0
('Pixels: pos_18-27', 'Center: 7.14801826727')	0	0	0	0	0	0	0	0	0	0	0	0	0	0	0	0	0	0	0	0
('Pixels: pos_19-0', 'Center: 20.5979797464')	0	0	0	0	0	0	0	0	0	0	0	0	0	0	0	0	0	0	0	0
('Pixels: pos_19-1', 'Center: 20.571682156')	0	0	0	0	0	0	0	0	0	0	0	0	0	0	0	0	0	0	0	0
('Pixels: pos_19-2', 'Center: 20.4930065719')	0	0	0	0	0	0	0	0	0	0	0	0	0	0	0	0	0	0	0	0
('Pixels: pos_19-3', 'Center: 20.3625956848')	0	0	0	0	0	0	0	0	0	0	0	0	0	0	0	0	0	0	0	0
('Pixels: pos_19-4', 'Center: 20.1814919075')	0	0	0	0	0	0	0	0	0	0	0	0	0	0	0	0	0	0	0	0
('Pixels: pos_19-5', 'Center: 19.9510970421')	0	0	0	0	0	0	0	0	216	0	0	0	0	0	0	0	0	0	0	0
('Pixels: pos_19-6', 'Center: 19.6731209013')	0	0	0	0	0	0	0	0	252	0	0	0	0	0	255	0	0	0	0	0
('Pixels: pos_19-7', 'Center: 19.3495230151')	0	0	0	0	0	0	64	0	168	0	0	0	0	0	253	98	0	0	0	128
('Pixels: pos_19-8', 'Center: 18.9824516184')	0	0	0	0	0	0	239	0	0	0	0	0	93	0	253	242	0	0	0	255
('Pixels: pos_19-9', 'Center: 18.5741837048')	0	0	155	0	0	0	253	0	0	0	0	0	253	0	253	185	0	0	0	255
('Pixels: pos_19-10', 'Center: 18.1270691929')	0	0	253	201	0	0	76	0	0	0	0	26	255	0	225	0	0	0	0	128
('Pixels: pos_19-11', 'Center: 17.6434813463')	42	218	253	253	0	0	8	0	0	0	225	124	144	0	216	0	0	0	0	0
('Pixels: pos_19-12', 'Center: 17.1257746922')	254	253	233	128	0	0	32	0	0	0	231	151	0	0	251	0	0	0	0	0
('Pixels: pos_19-13', 'Center: 16.57625088')	254	253	230	2	0	0	219	0	0	190	19	151	0	74	253	0	0	9	0	0
('Pixels: pos_19-14', 'Center: 15.997132304')	122	254	253	0	0	0	253	176	0	253	0	151	0	254	253	0	0	196	253	255
('Pixels: pos_19-15', 'Center: 15.3905428726')	18	253	253	5	9	0	126	254	29	242	0	144	149	249	253	0	0	253	252	255
('Pixels: pos_19-16', 'Center: 14.7584950497')	6	253	253	150	189	0	0	254	134	0	0	16	253	49	253	0	107	253	21	128
('Pixels: pos_19-17', 'Center: 14.1028821785')	0	253	253	253	254	0	0	61	253	0	0	0	173	0	253	109	252	63	0	0
('Pixels: pos_19-18', 'Center: 13.4254750898')	0	253	253	167	239	0	0	0	252	0	29	0	0	0	253	244	253	0	0	0
('Pixels: pos_19-19', 'Center: 12.7279220614')	0	253	112	9	51	45	0	0	186	0	210	0	0	0	253	252	167	0	0	0
('Pixels: pos_19-20', 'Center: 12.0117512982')	0	253	0	0	0	229	0	0	31	0	253	0	0	0	253	175	0	0	0	0
('Pixels: pos_19-21', 'Center: 11.2783752294')	0	253	0	0	0	253	0	0	0	0	252	0	0	0	200	17	0	0	0	0
('Pixels: pos_19-22', 'Center: 10.5290960389')	0	253	0	0	0	96	0	0	0	0	56	0	0	0	191	0	0	0	0	0
('Pixels: pos_19-23', 'Center: 9.76511196609')	0	166	0	0	0	0	0	0	0	0	0	0	0	0	191	0	0	0	0	0
('Pixels: pos_19-24', 'Center: 8.98752401642')	0	0	0	0	0	0	0	0	0	0	0	0	0	0	57	0	0	0	0	0
('Pixels: pos_19-25', 'Center: 8.19734281023')	0	0	0	0	0	0	0	0	0	0	0	0	0	0	0	0	0	0	0	0
('Pixels: pos_19-26', 'Center: 7.39549537024')	0	0	0	0	0	0	0	0	0	0	0	0	0	0	0	0	0	0	0	0
('Pixels: pos_19-27', 'Center: 6.58283170801')	0	0	0	0	0	0	0	0	0	0	0	0	0	0	0	0	0	0	0	0
('Pixels: pos_20-0', 'Center: 19.5979797464')	0	0	0	0	0	0	0	0	0	0	0	0	0	0	0	0	0	0	0	0
('Pixels: pos_20-1', 'Center: 19.5729953519')	0	0	0	0	0	0	0	0	0	0	0	0	0	0	0	0	0	0	0	0
('Pixels: pos_20-2', 'Center: 19.4982285042')	0	0	0	0	0	0	0	0	0	0	0	0	0	0	0	0	0	0	0	0
('Pixels: pos_20-3', 'Center: 19.3742313303')	0	0	0	0	0	0	0	0	0	0	0	0	0	0	0	0	0	0	0	0
('Pixels: pos_20-4', 'Center: 19.2019016921')	0	0	0	0	17	0	0	0	0	0	0	0	0	0	0	0	0	0	0	0
('Pixels: pos_20-5', 'Center: 18.9824516184')	0	0	0	0	161	0	0	0	91	0	0	0	0	0	0	0	0	0	0	0
('Pixels: pos_20-6', 'Center: 18.7173667286')	0	0	0	0	164	0	0	0	252	0	0	0	0	0	152	74	92	0	0	0
('Pixels: pos_20-7', 'Center: 18.408359646')	0	0	0	0	43	0	133	0	243	0	0	0	0	0	247	244	253	0	0	128
('Pixels: pos_20-8', 'Center: 18.0573205179')	0	0	0	0	4	0	254	0	125	0	0	0	166	0	253	252	255	0	0	255
('Pixels: pos_20-9', 'Center: 17.666267547')	0	0	30	0	0	0	191	0	0	0	0	0	252	0	253	160	27	0	0	255
('Pixels: pos_20-10', 'Center: 17.2372999714')	0	100	215	18	0	0	0	0	0	0	0	0	249	0	253	145	0	0	0	128
('Pixels: pos_20-11', 'Center: 16.7725553254')	172	245	253	226	0	0	5	0	0	21	225	0	75	0	253	41	0	0	0	0
('Pixels: pos_20-12', 'Center: 16.2741721671')	254	253	253	253	0	0	108	0	51	165	225	0	0	16	253	41	63	0	0	0
('Pixels: pos_20-13', 'Center: 15.7442588627')	226	253	253	49	0	0	234	161	114	247	0	0	0	198	253	41	114	177	71	128
('Pixels: pos_20-14', 'Center: 15.184868515')	18	254	253	31	39	0	254	245	113	224	0	0	43	254	253	19	113	253	253	255
('Pixels: pos_20-15', 'Center: 14.5979797464')	0	253	253	156	183	0	106	215	210	127	0	0	253	181	246	0	222	253	252	255
('Pixels: pos_20-16', 'Center: 13.9854827967')	0	253	253	253	254	0	0	58	252	0	0	0	223	0	245	0	253	187	21	128
('Pixels: pos_20-17', 'Center: 13.3491702496')	0	253	253	228	249	0	0	7	253	0	26	0	25	0	245	0	253	2	0	0
('Pixels: pos_20-18', 'Center: 12.6907316523')	0	236	123	13	126	0	0	0	151	0	210	0	0	0	245	122	204	0	0	0
('Pixels: pos_20-19', 'Center: 12.0117512982')	0	88	4	0	0	0	0	0	19	0	252	0	0	0	236	252	15	0	0	0
('Pixels: pos_20-20', 'Center: 11.313708499')	0	60	0	0	0	199	0	0	0	0	253	0	0	0	92	252	0	0	0	0
('Pixels: pos_20-21', 'Center: 10.5979797464')	0	118	0	0	0	253	0	0	0	0	202	0	0	0	14	170	0	0	0	0
('Pixels: pos_20-22', 'Center: 9.86584225181')	0	60	0	0	0	96	0	0	0	0	6	0	0	0	0	0	0	0	0	0
('Pixels: pos_20-23', 'Center: 9.11847843819')	0	32	0	0	0	0	0	0	0	0	0	0	0	0	0	0	0	0	0	0
('Pixels: pos_20-24', 'Center: 8.35698104282')	0	0	0	0	0	0	0	0	0	0	0	0	0	0	0	0	0	0	0	0
('Pixels: pos_20-25', 'Center: 7.58235855928')	0	0	0	0	0	0	0	0	0	0	0	0	0	0	0	0	0	0	0	0
('Pixels: pos_20-26', 'Center: 6.79554081273')	0	0	0	0	0	0	0	0	0	0	0	0	0	0	0	0	0	0	0	0
('Pixels: pos_20-27', 'Center: 5.99738451362')	0	0	0	0	0	0	0	0	0	0	0	0	0	0	0	0	0	0	0	0
('Pixels: pos_21-0', 'Center: 18.5979797464')	0	0	0	0	0	0	0	0	0	0	0	0	0	0	0	0	0	0	0	0
('Pixels: pos_21-1', 'Center: 18.5741837048')	0	0	0	0	0	0	0	0	0	0	0	0	0	0	0	0	0	0	0	0
('Pixels: pos_21-2', 'Center: 18.5029566367')	0	0	0	0	0	0	0	0	0	0	0	0	0	0	0	0	0	0	0	0
('Pixels: pos_21-3', 'Center: 18.3847763109')	0	0	0	0	0	0	0	0	0	0	0	0	0	0	0	0	0	0	0	0
('Pixels: pos_21-4', 'Center: 18.22042142')	0	0	0	0	138	0	0	0	0	0	0	0	0	0	0	0	0	0	0	0
('Pixels: pos_21-5', 'Center: 18.0109466015')	0	0	0	0	255	0	0	0	0	0	0	0	0	0	0	0	51	0	0	0
('Pixels: pos_21-6', 'Center: 17.7576500786')	0	0	0	0	254	0	0	0	157	0	0	0	0	0	0	39	243	0	0	0
('Pixels: pos_21-7', 'Center: 17.4620361253')	0	0	0	0	254	0	132	0	253	0	0	0	0	0	27	222	252	0	0	128
('Pixels: pos_21-8', 'Center: 17.1257746922')	0	0	0	0	25	0	253	0	253	0	0	0	207	0	145	252	253	0	0	255
('Pixels: pos_21-9', 'Center: 16.7506604289')	3	25	0	0	0	0	190	0	254	0	0	0	252	0	250	252	103	0	0	255
('Pixels: pos_21-10', 'Center: 16.3385730472')	133	222	30	0	14	0	5	0	253	21	0	0	237	0	253	252	85	0	0	128
('Pixels: pos_21-11', 'Center: 15.8914405642')	253	253	141	147	0	0	85	0	253	133	226	0	70	0	253	252	178	0	0	0
('Pixels: pos_21-12', 'Center: 15.4112065016')	195	253	218	253	22	0	253	54	253	253	242	0	70	140	253	252	240	0	0	0
('Pixels: pos_21-13', 'Center: 14.899801676')	22	253	253	243	128	0	236	246	254	253	66	0	112	254	174	252	253	177	106	128
('Pixels: pos_21-14', 'Center: 14.3591208182')	0	254	253	241	180	0	154	254	253	98	29	0	246	248	145	203	252	253	253	255
('Pixels: pos_21-15', 'Center: 13.7910039453')	0	253	168	254	254	0	0	185	244	0	29	0	253	53	13	161	252	253	252	255
('Pixels: pos_21-16', 'Center: 13.1972221816')	0	253	106	227	250	0	0	7	175	0	104	0	174	0	0	160	252	119	21	128
('Pixels: pos_21-17', 'Center: 12.5794675742')	0	214	18	43	193	0	0	0	51	0	253	0	0	0	0	160	252	0	0	0
('Pixels: pos_21-18', 'Center: 11.9393463746')	0	37	3	0	0	0	0	0	0	0	253	0	0	0	0	189	94	0	0	0
('Pixels: pos_21-19', 'Center: 11.2783752294')	0	0	0	0	0	0	0	0	0	0	253	0	0	0	0	252	0	0	0	0
('Pixels: pos_21-20', 'Center: 10.5979797464')	0	0	0	0	0	177	0	0	0	0	239	0	0	0	0	252	0	0	0	0
('Pixels: pos_21-21', 'Center: 9.89949493661')	0	0	0	0	0	201	0	0	0	0	38	0	0	0	0	212	0	0	0	0
('Pixels: pos_21-22', 'Center: 9.18416709496')	0	0	0	0	0	28	0	0	0	0	0	0	0	0	0	0	0	0	0	0
('Pixels: pos_21-23', 'Center: 8.45315674165')	0	0	0	0	0	0	0	0	0	0	0	0	0	0	0	0	0	0	0	0
('Pixels: pos_21-24', 'Center: 7.70754230824')	0	0	0	0	0	0	0	0	0	0	0	0	0	0	0	0	0	0	0	0
('Pixels: pos_21-25', 'Center: 6.94832431182')	0	0	0	0	0	0	0	0	0	0	0	0	0	0	0	0	0	0	0	0
('Pixels: pos_21-26', 'Center: 6.17642981231')	0	0	0	0	0	0	0	0	0	0	0	0	0	0	0	0	0	0	0	0
('Pixels: pos_21-27', 'Center: 5.39271699347')	0	0	0	0	0	0	0	0	0	0	0	0	0	0	0	0	0	0	0	0
('Pixels: pos_22-0', 'Center: 17.5979797464')	0	0	0	0	0	0	0	0	0	0	0	0	0	0	0	0	0	0	0	0
('Pixels: pos_22-1', 'Center: 17.5752642009')	0	0	0	0	0	0	0	0	0	0	0	0	0	0	0	0	0	0	0	0
('Pixels: pos_22-2', 'Center: 17.5072577121')	0	0	0	0	0	0	0	0	0	0	0	0	0	0	0	0	0	0	0	0
('Pixels: pos_22-3', 'Center: 17.3943764353')	0	0	0	0	0	0	0	0	0	0	0	0	0	0	0	0	0	0	0	0
('Pixels: pos_22-4', 'Center: 17.2372999714')	0	0	0	0	236	0	0	0	0	0	0	0	0	0	0	0	0	0	0	0
('Pixels: pos_22-5', 'Center: 17.0369514011')	0	0	0	0	254	0	0	0	0	0	0	0	0	0	0	0	13	0	0	0
('Pixels: pos_22-6', 'Center: 16.7944712445')	0	0	0	0	254	0	0	0	19	0	0	0	0	0	0	0	155	0	0	0
('Pixels: pos_22-7', 'Center: 16.5111869852')	0	0	0	0	254	0	153	0	122	0	0	0	0	0	0	89	252	0	0	0
('Pixels: pos_22-8', 'Center: 16.188579925')	0	0	0	0	161	0	253	0	196	0	0	0	165	0	0	238	253	0	0	191
('Pixels: pos_22-9', 'Center: 15.8282510984')	96	73	0	0	151	0	169	0	197	0	0	0	252	0	44	246	252	0	0	255
('Pixels: pos_22-10', 'Center: 15.4318877993')	254	253	0	0	204	0	192	0	221	171	0	0	253	0	45	238	252	0	0	255
('Pixels: pos_22-11', 'Center: 15.0012319939')	196	253	0	5	151	0	253	0	196	253	150	0	252	51	45	238	252	0	0	191
('Pixels: pos_22-12', 'Center: 14.5380515742')	18	253	33	126	234	0	253	124	196	253	253	0	252	234	45	247	252	31	0	128
('Pixels: pos_22-13', 'Center: 14.0441150681')	0	253	219	245	255	0	77	254	197	125	252	0	252	254	13	252	253	232	45	255
('Pixels: pos_22-14', 'Center: 13.5211701256')	0	254	253	253	254	0	0	254	121	3	252	0	252	101	0	252	252	253	255	255
('Pixels: pos_22-15', 'Center: 12.9709258351')	0	253	61	231	250	0	0	64	56	0	252	0	150	0	0	253	239	253	253	255
('Pixels: pos_22-16', 'Center: 12.395038729')	0	239	0	46	126	0	0	0	0	0	253	0	17	0	0	252	180	23	21	0
('Pixels: pos_22-17', 'Center: 11.7951021975')	0	69	0	0	0	0	0	0	0	0	252	0	0	0	0	252	55	0	0	0
('Pixels: pos_22-18', 'Center: 11.1726389393')	0	0	0	0	0	0	0	0	0	0	252	0	0	0	0	252	0	0	0	0
('Pixels: pos_22-19', 'Center: 10.5290960389')	0	0	0	0	0	0	0	0	0	0	252	0	0	0	0	252	0	0	0	0
('Pixels: pos_22-20', 'Center: 9.86584225181')	0	0	0	0	0	24	0	0	0	0	125	0	0	0	0	249	0	0	0	0
('Pixels: pos_22-21', 'Center: 9.18416709496')	0	0	0	0	0	28	0	0	0	0	0	0	0	0	0	130	0	0	0	0
('Pixels: pos_22-22', 'Center: 8.48528137424')	0	0	0	0	0	0	0	0	0	0	0	0	0	0	0	0	0	0	0	0
('Pixels: pos_22-23', 'Center: 7.77031882077')	0	0	0	0	0	0	0	0	0	0	0	0	0	0	0	0	0	0	0	0
('Pixels: pos_22-24', 'Center: 7.04033855425')	0	0	0	0	0	0	0	0	0	0	0	0	0	0	0	0	0	0	0	0
('Pixels: pos_22-25', 'Center: 6.29632813575')	0	0	0	0	0	0	0	0	0	0	0	0	0	0	0	0	0	0	0	0
('Pixels: pos_22-26', 'Center: 5.53920701459')	0	0	0	0	0	0	0	0	0	0	0	0	0	0	0	0	0	0	0	0
('Pixels: pos_22-27', 'Center: 4.76983021191')	0	0	0	0	0	0	0	0	0	0	0	0	0	0	0	0	0	0	0	0
('Pixels: pos_23-0', 'Center: 16.5979797464')	0	0	0	0	0	0	0	0	0	0	0	0	0	0	0	0	0	0	0	0
('Pixels: pos_23-1', 'Center: 16.57625088')	0	0	0	0	0	0	0	0	0	0	0	0	0	0	0	0	0	0	0	0
('Pixels: pos_23-2', 'Center: 16.5111869852')	0	0	0	0	0	0	0	0	0	0	0	0	0	0	0	0	0	0	0	0
('Pixels: pos_23-3', 'Center: 16.403152737')	0	0	0	0	0	0	0	0	0	0	0	0	0	0	0	0	0	0	0	0
('Pixels: pos_23-4', 'Center: 16.2527446866')	0	0	0	0	0	0	0	0	0	0	0	0	0	0	0	0	0	0	0	0
('Pixels: pos_23-5', 'Center: 16.0607751546')	0	0	0	0	242	0	0	0	0	0	0	0	0	0	0	0	0	0	0	0
('Pixels: pos_23-6', 'Center: 15.8282510984')	0	0	0	0	254	0	0	0	0	0	0	0	0	0	0	0	26	0	0	0
('Pixels: pos_23-7', 'Center: 15.5563491861')	0	0	0	0	254	0	112	0	0	0	0	0	0	0	0	0	239	0	0	0
('Pixels: pos_23-8', 'Center: 15.2463884227')	0	0	0	0	254	0	253	0	0	19	0	0	51	0	0	0	253	0	0	64
('Pixels: pos_23-9', 'Center: 14.899801676')	177	73	0	0	254	0	253	0	0	184	0	0	137	0	0	63	252	0	0	255
('Pixels: pos_23-10', 'Center: 14.5181073385')	241	253	0	0	254	0	254	0	25	245	0	0	253	0	0	0	252	0	0	255
('Pixels: pos_23-11', 'Center: 14.1028821785')	63	253	0	0	254	0	236	52	0	253	76	0	252	171	0	0	249	0	0	255
('Pixels: pos_23-12', 'Center: 13.6557362043')	0	253	0	0	251	0	129	237	0	124	253	0	200	254	0	76	223	42	0	255
('Pixels: pos_23-13', 'Center: 13.1782901192')	0	253	180	0	241	0	9	254	0	4	252	0	210	177	0	119	225	253	0	255
('Pixels: pos_23-14', 'Center: 12.6721557108')	0	254	192	0	143	0	0	126	0	0	252	0	32	9	0	119	99	253	218	255
('Pixels: pos_23-15', 'Center: 12.138919311')	0	243	2	0	88	0	0	5	0	0	252	0	0	0	0	253	65	253	252	64
('Pixels: pos_23-16', 'Center: 11.5801282942')	0	124	0	0	0	0	0	0	0	0	253	0	0	0	0	252	0	23	56	0
('Pixels: pos_23-17', 'Center: 10.9972804543')	0	0	0	0	0	0	0	0	0	0	252	0	0	0	0	252	0	0	0	0
('Pixels: pos_23-18', 'Center: 10.3918160134')	0	0	0	0	0	0	0	0	0	0	186	0	0	0	0	252	0	0	0	0
('Pixels: pos_23-19', 'Center: 9.76511196609')	0	0	0	0	0	0	0	0	0	0	68	0	0	0	0	146	0	0	0	0
('Pixels: pos_23-20', 'Center: 9.11847843819')	0	0	0	0	0	0	0	0	0	0	0	0	0	0	0	94	0	0	0	0
('Pixels: pos_23-21', 'Center: 8.45315674165')	0	0	0	0	0	0	0	0	0	0	0	0	0	0	0	0	0	0	0	0
('Pixels: pos_23-22', 'Center: 7.77031882077')	0	0	0	0	0	0	0	0	0	0	0	0	0	0	0	0	0	0	0	0
('Pixels: pos_23-23', 'Center: 7.07106781187')	0	0	0	0	0	0	0	0	0	0	0	0	0	0	0	0	0	0	0	0
('Pixels: pos_23-24', 'Center: 6.35643946926')	0	0	0	0	0	0	0	0	0	0	0	0	0	0	0	0	0	0	0	0
('Pixels: pos_23-25', 'Center: 5.62740424352')	0	0	0	0	0	0	0	0	0	0	0	0	0	0	0	0	0	0	0	0
('Pixels: pos_23-26', 'Center: 4.88486983103')	0	0	0	0	0	0	0	0	0	0	0	0	0	0	0	0	0	0	0	0
('Pixels: pos_23-27', 'Center: 4.12968404451')	0	0	0	0	0	0	0	0	0	0	0	0	0	0	0	0	0	0	0	0
('Pixels: pos_24-0', 'Center: 15.5979797464')	0	0	0	0	0	0	0	0	0	0	0	0	0	0	0	0	0	0	0	0
('Pixels: pos_24-1', 'Center: 15.5771554475')	0	0	0	0	0	0	0	0	0	0	0	0	0	0	0	0	0	0	0	0
('Pixels: pos_24-2', 'Center: 15.5147905889')	0	0	0	0	0	0	0	0	0	0	0	0	0	0	0	0	0	0	0	0
('Pixels: pos_24-3', 'Center: 15.4112065016')	0	0	0	0	0	0	0	0	0	0	0	0	0	0	0	0	0	0	0	0
('Pixels: pos_24-4', 'Center: 15.2669296253')	0	0	0	0	0	0	0	0	0	0	0	0	0	0	0	0	0	0	0	0
('Pixels: pos_24-5', 'Center: 15.0826784022')	0	0	0	0	55	0	0	0	0	0	0	0	0	0	0	0	0	0	0	0
('Pixels: pos_24-6', 'Center: 14.8593459927')	0	0	0	0	117	0	0	0	0	0	0	0	0	0	0	0	0	0	0	0
('Pixels: pos_24-7', 'Center: 14.5979797464')	0	0	0	0	117	0	17	0	0	0	0	0	0	0	0	0	63	0	0	0
('Pixels: pos_24-8', 'Center: 14.2997584651')	0	0	0	0	167	0	118	0	0	101	0	0	0	0	0	0	174	0	0	0
('Pixels: pos_24-9', 'Center: 13.9659685105')	55	4	0	0	248	0	243	0	0	253	0	0	0	0	0	0	252	0	0	0
('Pixels: pos_24-10', 'Center: 13.5979797464')	138	150	0	0	248	0	191	0	0	253	0	0	0	65	0	0	141	0	0	128
('Pixels: pos_24-11', 'Center: 13.1972221816')	10	149	0	0	207	0	113	118	0	125	0	0	0	254	0	0	99	0	0	128
('Pixels: pos_24-12', 'Center: 12.7651640164')	0	242	0	0	84	0	0	254	0	4	40	0	0	254	0	0	0	89	0	255
('Pixels: pos_24-13', 'Center: 12.3032916185')	0	253	0	0	0	0	0	254	0	0	165	0	0	84	0	0	0	253	0	191
('Pixels: pos_24-14', 'Center: 11.8130917675')	0	11	0	0	0	0	0	119	0	0	252	0	0	0	0	0	0	253	96	64
('Pixels: pos_24-15', 'Center: 11.2960363503')	0	10	0	0	0	0	0	0	0	0	202	0	0	0	0	0	0	125	252	0
('Pixels: pos_24-16', 'Center: 10.7535695427')	0	0	0	0	0	0	0	0	0	0	140	0	0	0	0	0	0	4	189	0
('Pixels: pos_24-17', 'Center: 10.1870974067')	0	0	0	0	0	0	0	0	0	0	65	0	0	0	0	0	0	0	42	0
('Pixels: pos_24-18', 'Center: 9.59797974645')	0	0	0	0	0	0	0	0	0	0	6	0	0	0	0	0	0	0	0	0
('Pixels: pos_24-19', 'Center: 8.98752401642')	0	0	0	0	0	0	0	0	0	0	0	0	0	0	0	0	0	0	0	0
('Pixels: pos_24-20', 'Center: 8.35698104282')	0	0	0	0	0	0	0	0	0	0	0	0	0	0	0	0	0	0	0	0
('Pixels: pos_24-21', 'Center: 7.70754230824')	0	0	0	0	0	0	0	0	0	0	0	0	0	0	0	0	0	0	0	0
('Pixels: pos_24-22', 'Center: 7.04033855425')	0	0	0	0	0	0	0	0	0	0	0	0	0	0	0	0	0	0	0	0
('Pixels: pos_24-23', 'Center: 6.35643946926')	0	0	0	0	0	0	0	0	0	0	0	0	0	0	0	0	0	0	0	0
('Pixels: pos_24-24', 'Center: 5.65685424949')	0	0	0	0	0	0	0	0	0	0	0	0	0	0	0	0	0	0	0	0
('Pixels: pos_24-25', 'Center: 4.94253284412')	0	0	0	0	0	0	0	0	0	0	0	0	0	0	0	0	0	0	0	0
('Pixels: pos_24-26', 'Center: 4.21436772054')	0	0	0	0	0	0	0	0	0	0	0	0	0	0	0	0	0	0	0	0
('Pixels: pos_24-27', 'Center: 3.47319601007')	0	0	0	0	0	0	0	0	0	0	0	0	0	0	0	0	0	0	0	0
('Pixels: pos_25-0', 'Center: 14.5979797464')	0	0	0	0	0	0	0	0	0	0	0	0	0	0	0	0	0	0	0	0
('Pixels: pos_25-1', 'Center: 14.5779877401')	0	0	0	0	0	0	0	0	0	0	0	0	0	0	0	0	0	0	0	0
('Pixels: pos_25-2', 'Center: 14.5181073385')	0	0	0	0	0	0	0	0	0	0	0	0	0	0	0	0	0	0	0	0
('Pixels: pos_25-3', 'Center: 14.4186231224')	0	0	0	0	0	0	0	0	0	0	0	0	0	0	0	0	0	0	0	0
('Pixels: pos_25-4', 'Center: 14.2800019441')	0	0	0	0	0	0	0	0	0	0	0	0	0	0	0	0	0	0	0	0
('Pixels: pos_25-5', 'Center: 14.1028821785')	0	0	0	0	0	0	0	0	0	0	0	0	0	0	0	0	0	0	0	0
('Pixels: pos_25-6', 'Center: 13.8880594821')	0	0	0	0	0	0	0	0	0	0	0	0	0	0	0	0	0	0	0	0
('Pixels: pos_25-7', 'Center: 13.636469775')	0	0	0	0	0	0	0	0	0	0	0	0	0	0	0	0	0	0	0	0
('Pixels: pos_25-8', 'Center: 13.3491702496')	0	0	0	0	0	0	0	0	0	112	0	0	0	0	0	0	0	0	0	0
('Pixels: pos_25-9', 'Center: 13.0273192353')	0	0	0	0	0	0	0	0	0	253	0	0	0	0	0	0	0	0	0	0
('Pixels: pos_25-10', 'Center: 12.6721557108')	0	0	0	0	0	0	0	0	0	126	0	0	0	26	0	0	0	0	0	0
('Pixels: pos_25-11', 'Center: 12.284979179')	0	0	0	0	0	0	0	118	0	3	0	0	0	252	0	0	0	0	0	0
('Pixels: pos_25-12', 'Center: 11.8671304987')	0	0	0	0	0	0	0	254	0	0	0	0	0	182	0	0	0	30	0	0
('Pixels: pos_25-13', 'Center: 11.4199741392')	0	0	0	0	0	0	0	254	0	0	0	0	0	10	0	0	0	135	0	0
('Pixels: pos_25-14', 'Center: 10.9448821827')	0	0	0	0	0	0	0	61	0	0	0	0	0	0	0	0	0	154	14	0
('Pixels: pos_25-15', 'Center: 10.4432202722')	0	0	0	0	0	0	0	0	0	0	0	0	0	0	0	0	0	3	184	0
('Pixels: pos_25-16', 'Center: 9.91633558714')	0	0	0	0	0	0	0	0	0	0	0	0	0	0	0	0	0	0	252	0
('Pixels: pos_25-17', 'Center: 9.36554683078')	0	0	0	0	0	0	0	0	0	0	0	0	0	0	0	0	0	0	170	0
('Pixels: pos_25-18', 'Center: 8.79213614495')	0	0	0	0	0	0	0	0	0	0	0	0	0	0	0	0	0	0	11	0
('Pixels: pos_25-19', 'Center: 8.19734281023')	0	0	0	0	0	0	0	0	0	0	0	0	0	0	0	0	0	0	0	0
('Pixels: pos_25-20', 'Center: 7.58235855928')	0	0	0	0	0	0	0	0	0	0	0	0	0	0	0	0	0	0	0	0
('Pixels: pos_25-21', 'Center: 6.94832431182')	0	0	0	0	0	0	0	0	0	0	0	0	0	0	0	0	0	0	0	0
('Pixels: pos_25-22', 'Center: 6.29632813575')	0	0	0	0	0	0	0	0	0	0	0	0	0	0	0	0	0	0	0	0
('Pixels: pos_25-23', 'Center: 5.62740424352')	0	0	0	0	0	0	0	0	0	0	0	0	0	0	0	0	0	0	0	0
('Pixels: pos_25-24', 'Center: 4.94253284412')	0	0	0	0	0	0	0	0	0	0	0	0	0	0	0	0	0	0	0	0
('Pixels: pos_25-25', 'Center: 4.24264068712')	0	0	0	0	0	0	0	0	0	0	0	0	0	0	0	0	0	0	0	0
('Pixels: pos_25-26', 'Center: 3.5286021527')	0	0	0	0	0	0	0	0	0	0	0	0	0	0	0	0	0	0	0	0
('Pixels: pos_25-27', 'Center: 2.8012407605')	0	0	0	0	0	0	0	0	0	0	0	0	0	0	0	0	0	0	0	0
('Pixels: pos_26-0', 'Center: 13.5979797464')	0	0	0	0	0	0	0	0	0	0	0	0	0	0	0	0	0	0	0	0
('Pixels: pos_26-1', 'Center: 13.5787560839')	0	0	0	0	0	0	0	0	0	0	0	0	0	0	0	0	0	0	0	0
('Pixels: pos_26-2', 'Center: 13.5211701256')	0	0	0	0	0	0	0	0	0	0	0	0	0	0	0	0	0	0	0	0
('Pixels: pos_26-3', 'Center: 13.4254750898')	0	0	0	0	0	0	0	0	0	0	0	0	0	0	0	0	0	0	0	0
('Pixels: pos_26-4', 'Center: 13.2920868705')	0	0	0	0	0	0	0	0	0	0	0	0	0	0	0	0	0	0	0	0
('Pixels: pos_26-5', 'Center: 13.1215751567')	0	0	0	0	0	0	0	0	0	0	0	0	0	0	0	0	0	0	0	0
('Pixels: pos_26-6', 'Center: 12.9146516182')	0	0	0	0	0	0	0	0	0	0	0	0	0	0	0	0	0	0	0	0
('Pixels: pos_26-7', 'Center: 12.6721557108')	0	0	0	0	0	0	0	0	0	0	0	0	0	0	0	0	0	0	0	0
('Pixels: pos_26-8', 'Center: 12.395038729')	0	0	0	0	0	0	0	0	0	0	0	0	0	0	0	0	0	0	0	0
('Pixels: pos_26-9', 'Center: 12.0843467621')	0	0	0	0	0	0	0	0	0	0	0	0	0	0	0	0	0	0	0	0
('Pixels: pos_26-10', 'Center: 11.7412031921')	0	0	0	0	0	0	0	0	0	0	0	0	0	0	0	0	0	0	0	0
('Pixels: pos_26-11', 'Center: 11.3667913195')	0	0	0	0	0	0	0	2	0	0	0	0	0	0	0	0	0	0	0	0
('Pixels: pos_26-12', 'Center: 10.9623376199')	0	0	0	0	0	0	0	6	0	0	0	0	0	0	0	0	0	0	0	0
('Pixels: pos_26-13', 'Center: 10.5290960389')	0	0	0	0	0	0	0	6	0	0	0	0	0	0	0	0	0	0	0	0
('Pixels: pos_26-14', 'Center: 10.068333626')	0	0	0	0	0	0	0	2	0	0	0	0	0	0	0	0	0	0	0	0
('Pixels: pos_26-15', 'Center: 9.58131770684')	0	0	0	0	0	0	0	0	0	0	0	0	0	0	0	0	0	0	14	0
('Pixels: pos_26-16', 'Center: 9.0693047015')	0	0	0	0	0	0	0	0	0	0	0	0	0	0	0	0	0	0	147	0
('Pixels: pos_26-17', 'Center: 8.53353061243')	0	0	0	0	0	0	0	0	0	0	0	0	0	0	0	0	0	0	252	0
('Pixels: pos_26-18', 'Center: 7.97520314476')	0	0	0	0	0	0	0	0	0	0	0	0	0	0	0	0	0	0	42	0
('Pixels: pos_26-19', 'Center: 7.39549537024')	0	0	0	0	0	0	0	0	0	0	0	0	0	0	0	0	0	0	0	0
('Pixels: pos_26-20', 'Center: 6.79554081273')	0	0	0	0	0	0	0	0	0	0	0	0	0	0	0	0	0	0	0	0
('Pixels: pos_26-21', 'Center: 6.17642981231')	0	0	0	0	0	0	0	0	0	0	0	0	0	0	0	0	0	0	0	0
('Pixels: pos_26-22', 'Center: 5.53920701459')	0	0	0	0	0	0	0	0	0	0	0	0	0	0	0	0	0	0	0	0
('Pixels: pos_26-23', 'Center: 4.88486983103')	0	0	0	0	0	0	0	0	0	0	0	0	0	0	0	0	0	0	0	0
('Pixels: pos_26-24', 'Center: 4.21436772054')	0	0	0	0	0	0	0	0	0	0	0	0	0	0	0	0	0	0	0	0
('Pixels: pos_26-25', 'Center: 3.5286021527')	0	0	0	0	0	0	0	0	0	0	0	0	0	0	0	0	0	0	0	0
('Pixels: pos_26-26', 'Center: 2.82842712475')	0	0	0	0	0	0	0	0	0	0	0	0	0	0	0	0	0	0	0	0
('Pixels: pos_26-27', 'Center: 2.11465011846')	0	0	0	0	0	0	0	0	0	0	0	0	0	0	0	0	0	0	0	0
('Pixels: pos_27-0', 'Center: 12.5979797464')	0	0	0	0	0	0	0	0	0	0	0	0	0	0	0	0	0	0	0	0
('Pixels: pos_27-1', 'Center: 12.5794675742')	0	0	0	0	0	0	0	0	0	0	0	0	0	0	0	0	0	0	0	0
('Pixels: pos_27-2', 'Center: 12.5240070051')	0	0	0	0	0	0	0	0	0	0	0	0	0	0	0	0	0	0	0	0
('Pixels: pos_27-3', 'Center: 12.431824332')	0	0	0	0	0	0	0	0	0	0	0	0	0	0	0	0	0	0	0	0
('Pixels: pos_27-4', 'Center: 12.3032916185')	0	0	0	0	0	0	0	0	0	0	0	0	0	0	0	0	0	0	0	0
('Pixels: pos_27-5', 'Center: 12.138919311')	0	0	0	0	0	0	0	0	0	0	0	0	0	0	0	0	0	0	0	0
('Pixels: pos_27-6', 'Center: 11.9393463746')	0	0	0	0	0	0	0	0	0	0	0	0	0	0	0	0	0	0	0	0
('Pixels: pos_27-7', 'Center: 11.7053283845')	0	0	0	0	0	0	0	0	0	0	0	0	0	0	0	0	0	0	0	0
('Pixels: pos_27-8', 'Center: 11.4377240658')	0	0	0	0	0	0	0	0	0	0	0	0	0	0	0	0	0	0	0	0
('Pixels: pos_27-9', 'Center: 11.1374808049')	0	0	0	0	0	0	0	0	0	0	0	0	0	0	0	0	0	0	0	0
('Pixels: pos_27-10', 'Center: 10.8056196487')	0	0	0	0	0	0	0	0	0	0	0	0	0	0	0	0	0	0	0	0
('Pixels: pos_27-11', 'Center: 10.4432202722')	0	0	0	0	0	0	0	0	0	0	0	0	0	0	0	0	0	0	0	0
('Pixels: pos_27-12', 'Center: 10.0514063411')	0	0	0	0	0	0	0	0	0	0	0	0	0	0	0	0	0	0	0	0
('Pixels: pos_27-13', 'Center: 9.6313316189')	0	0	0	0	0	0	0	0	0	0	0	0	0	0	0	0	0	0	0	0
('Pixels: pos_27-14', 'Center: 9.18416709496')	0	0	0	0	0	0	0	0	0	0	0	0	0	0	0	0	0	0	0	0
('Pixels: pos_27-15', 'Center: 8.71108932349')	0	0	0	0	0	0	0	0	0	0	0	0	0	0	0	0	0	0	0	0
('Pixels: pos_27-16', 'Center: 8.2132700935')	0	0	0	0	0	0	0	0	0	0	0	0	0	0	0	0	0	0	0	0
('Pixels: pos_27-17', 'Center: 7.69186747936')	0	0	0	0	0	0	0	0	0	0	0	0	0	0	0	0	0	0	0	0
('Pixels: pos_27-18', 'Center: 7.14801826727')	0	0	0	0	0	0	0	0	0	0	0	0	0	0	0	0	0	0	0	0
('Pixels: pos_27-19', 'Center: 6.58283170801')	0	0	0	0	0	0	0	0	0	0	0	0	0	0	0	0	0	0	0	0
('Pixels: pos_27-20', 'Center: 5.99738451362')	0	0	0	0	0	0	0	0	0	0	0	0	0	0	0	0	0	0	0	0
('Pixels: pos_27-21', 'Center: 5.39271699347')	0	0	0	0	0	0	0	0	0	0	0	0	0	0	0	0	0	0	0	0
('Pixels: pos_27-22', 'Center: 4.76983021191')	0	0	0	0	0	0	0	0	0	0	0	0	0	0	0	0	0	0	0	0
('Pixels: pos_27-23', 'Center: 4.12968404451')	0	0	0	0	0	0	0	0	0	0	0	0	0	0	0	0	0	0	0	0
('Pixels: pos_27-24', 'Center: 3.47319601007')	0	0	0	0	0	0	0	0	0	0	0	0	0	0	0	0	0	0	0	0
('Pixels: pos_27-25', 'Center: 2.8012407605')	0	0	0	0	0	0	0	0	0	0	0	0	0	0	0	0	0	0	0	0
('Pixels: pos_27-26', 'Center: 2.11465011846')	0	0	0	0	0	0	0	0	0	0	0	0	0	0	0	0	0	0	0	0
('Pixels: pos_27-27', 'Center: 1.41421356237')	0	0	0	0	0	0	0	0	0	0	0	0	0	0	0	0	0	0	0	0
